50 Maiores Bancos e o Consolidado do Sistema Financeiro Nacional
PASSIVOS
Data-base: Junho/1996;;;;;;;;;;;;;;;;;;;Balancetes processados até: 22/12/2005

;;;;;;;;;;;;;;;;;;;;Em R$ Mil
PASSIVOS;;;;;;;;;;;;;;;;;;;;Patrimônio;Lucro
Ranking;Instituições;TD;TC;Obs.;Data;Passivo;Depósitos;;;;;;Captações no;Recursos de Aceites;Relações;Relações;Obrigações por;Instrumentos Financeiros;Outras Obrigações e;Líquido;Líquido
;;;;;Balancete;Exigível;À Vista;Poupança;Interfinanceiros;A Prazo;Outros;Total;Mercado Aberto;e Emissão de Títulos;Interfinanceiras;Interdependências;Empréstimos e Repasses;Derivativos;Exercícios Futuros
1;CEF                                                   ;I;1;         ;06/1996;85.187.790;786.435;15.276.075;412.802;25.835.153;8.771.408;51.081.872;1.295.131;5.022.804;417.043;80.481;649.849;0;26.640.610;3.824.402;30.953;
2;BB                                                    ;C;1;         ;06/1996;74.426.506;4.330.801;11.952.249;2.553.482;28.871.012;161.014;47.868.559;3.899.368;806.076;2.281.726;314.674;8.326.496;0;10.929.609;5.337.101;-7.780.753;
3;BANESPA                                               ;C;2;         ;06/1996;53.396.983;1.836.302;1.708.850;7.289.702;7.738.349;2.323;18.575.525;13.688.869;148.621;528.630;55.391;15.548.649;0;4.851.298;1.818.145;451.682;
4;BRADESCO                                              ;I;3;2;06/1996;32.060.687;2.808.837;8.448.016;18.418;2.452.779;1;13.728.050;8.484.176;125.650;1.224.189;81.726;4.651.434;0;3.765.463;5.217.923;430.610;
5;ITAU                                                  ;C;3;         ;06/1996;25.296.552;868.381;6.936.938;428.777;1.825.484;5.919;10.065.499;2.535.148;557.343;2.134.051;148.181;4.461.019;0;5.395.311;3.845.102;282.806;
6;UNIBANCO                                              ;C;5;         ;06/1996;20.452.548;666.468;2.083.536;46.289;5.195.429;5.829;7.997.550;1.692.511;2.310.979;591.162;92.212;4.498.729;0;3.269.405;2.047.691;126.855;
7;BAMERINDUS                                            ;C;3;         ;06/1996;17.216.884;368.308;2.842.696;1.088.074;1.747.094;1.074;6.047.246;5.393.616;230.306;786.394;28.947;1.412.906;0;3.317.470;1.368.869;20.431;
8;REAL;C;3;         ;06/1996;13.044.163;580.581;2.318.819;1.043.436;3.059.986;1.082;7.003.904;1.388.005;57.237;924.986;93.615;1.709.836;0;1.866.580;1.608.475;243.737;
9;NOSSA CAIXA                                           ;I;2;         ;06/1996;9.405.435;170.426;2.875.312;422.797;3.939.729;3.827;7.412.091;289.615;364.344;221.632;3.754;141.508;0;972.492;758.818;56.654;
10;BANRISUL                                              ;I;2;2;06/1996;8.328.043;284.847;506.824;79.705;1.377.856;425;2.249.657;50.834;0;173.585;10.316;5.684.667;0;158.985;444.370;3.112;
11;SAFRA                                                 ;C;3;         ;06/1996;7.219.475;18.060;446.356;212.621;2.369.131;92;3.046.260;723.443;311.316;366.533;9.782;1.381.372;0;1.380.770;678.878;49.022;
12;BANERJ                                                ;I;2;2;06/1996;9.732.732;389.967;815.690;624.393;1.724.260;3.062;3.557.373;59.684;0;80.436;17.471;4.702.529;0;1.315.238;-2.200.481;-419.575;
13;CREDIREAL                                             ;I;2;2;06/1996;7.627.252;26.941;89.342;262.205;472.589;0;851.076;297.351;0;132.253;567;6.190.334;0;155.672;60.576;1.808;
14;BCN                                                   ;I;3;2;06/1996;8.678.509;69.922;536.311;68.131;2.302.127;47;2.976.536;2.690.496;74.243;447.387;5.142;1.310.932;0;1.173.774;882.483;71.461;
15;CITIBANK                                              ;C;4;         ;06/1996;6.384.780;66.160;156.472;69.658;996.901;0;1.289.191;77.185;11.758;339.537;8.296;2.074.379;0;2.584.433;650.204;76.294;
16;BANESTADO                                             ;C;2;         ;06/1996;5.607.392;230.926;935.090;165.657;1.942.717;300;3.274.690;98.287;455.756;177.261;9.740;937.710;0;653.948;463.492;11.856;
17;BANKBOSTON                                            ;C;4;         ;06/1996;6.201.019;30.365;39.977;10.174;990.314;4.377;1.075.207;739.545;66.978;1.104.530;9.329;1.792.087;0;1.413.341;380.567;43.239;
18;MERCANTIL SP                                          ;C;3;         ;06/1996;4.180.589;40.242;411.836;35.431;2.282.010;759;2.770.278;288.606;12.437;141.241;26.815;494.363;0;446.849;854.336;53.723;
19;SUDAMERIS                                             ;C;4;         ;06/1996;4.940.634;41.921;373.409;187.910;1.024.130;4.044;1.631.414;480.478;136.490;276.227;40.778;1.411.852;0;963.395;418.401;27.270;
20;BBA-CREDITANSTALT;I;5;2;06/1996;4.389.518;24;0;48.285;306.890;0;355.199;824.364;0;146.451;232;1.883.590;0;1.179.682;386.146;70.486;
21;BOZANO,SIMONSEN                                       ;C;5;         ;06/1996;4.533.824;15.780;0;114.696;220.059;0;350.535;1.141.414;174.442;146.840;0;609.584;0;2.111.010;443.602;97.063;
22;BANDEIRANTES                                          ;C;3;         ;06/1996;3.654.445;146.155;670.397;21.809;1.221.020;135;2.059.515;375.648;188.208;290.201;5.625;315.120;0;420.128;319.523;16.742;
23;BNB                                                   ;I;1;         ;06/1996;3.405.894;161.928;120.524;16.356;650.948;0;949.756;181.378;285.122;88.467;194;1.306.573;0;594.404;447.641;17.152;
24;AMERICA DO SUL                                        ;I;5;2;06/1996;3.938.332;203.796;408.118;1.857;1.233.165;23.443;1.870.380;731.944;0;317.233;22.263;745.028;0;251.485;346.631;20.932;
25;BBV BANCO                                             ;I;4;2;06/1996;3.306.800;54.507;205.188;44.050;1.047.809;22;1.351.577;349.994;125.719;66.310;1.860;838.651;0;572.690;509.422;-4.994;
26;LLOYDS                                                ;C;4;         ;06/1996;4.517.620;2.813;0;173.169;703.116;0;879.098;1.316.166;0;360.252;123.342;932.221;0;906.540;278.824;9.665;
27;BOAVISTA                                              ;C;3;         ;06/1996;3.617.854;33.996;104.546;0;1.389.726;178;1.528.445;804.010;9.831;31.092;848;642.276;0;601.350;335.661;32.135;
28;ABN AMRO                                              ;C;4;         ;06/1996;2.988.082;7.673;0;103.265;510.688;351;621.976;107.472;70.782;389.720;9.902;1.060.409;0;727.820;247.622;16.086;
29;BEMGE                                                 ;I;2;2;06/1996;3.068.168;253.455;427.663;41.037;955.852;2.243;1.680.250;435.533;0;161.880;2.698;114.196;0;673.610;197.832;-48.889;
30;CHASE MANHATTAN                                       ;I;4;2;06/1996;4.477.516;1.787;0;67.275;19.549;0;88.611;2.631.628;0;976.955;26;298.547;0;481.748;254.006;51.882;
31;MERIDIONAL                                            ;I;1;2;06/1996;2.036.181;21.318;504.961;0;846.578;0;1.372.857;102.833;0;81.159;171;204.559;0;274.601;362.454;-60.498;
32;BANCO BMC                                                   ;I;3;2;06/1996;1.840.464;1.105;0;132.951;411.858;0;545.914;637.964;0;19.413;102;478.839;0;158.232;225.799;22.969;
33;PACTUAL                                               ;I;3;2;06/1996;5.019.915;0;0;158.048;13.202;0;171.250;3.290.479;0;238.386;0;119.573;0;1.200.227;237.697;15.995;
34;DIBENS                                                ;C;3;         ;06/1996;1.913.534;2.753;0;29.619;449.116;3.694;485.182;348.793;319.418;19.042;610;455.875;0;284.614;157.838;8.137;
35;BANEB                                                 ;I;2;2;06/1996;1.726.269;89.811;218.183;34.102;520.588;24.007;886.692;99.468;92.624;47.085;265;496.557;0;103.578;139.228;-29.678;
36;BIC                                                   ;I;3;2;06/1996;2.671.240;2.453;55.285;67.770;715.555;0;841.062;1.236.923;0;60.681;9;281.484;0;251.081;193.960;23.974;
37;BESC                                                  ;I;2;2;06/1996;1.500.151;164.596;0;81.212;416.833;0;662.642;262.112;0;69.172;1.012;352.701;0;152.510;216.848;11.801;
38;PONTUAL                                               ;C;3;         ;06/1996;1.880.543;2.944;0;28.896;532.390;0;564.229;488.894;132.697;57.033;199;467.311;0;170.180;149.594;7.498;
39;MITSUBISHI                                            ;I;4;2;06/1996;1.308.632;3.460;0;15.058;95.725;0;114.243;99.202;0;180.823;6.427;613.332;0;294.605;200.672;16.306;
40;FIBRA                                                 ;I;3;2;06/1996;1.646.541;2.730;0;172.004;343.739;0;518.473;391.661;0;39.444;0;298.462;0;398.502;128.663;18.322;
41;BMB                                                   ;I;3;2;06/1996;1.328.495;37.229;158.941;44.921;506.355;0;747.446;323.937;0;63.837;567;74.155;0;118.553;334.444;15.124;
42;CREDIBANCO                                            ;I;5;2;06/1996;1.185.709;222;0;53.828;31.075;0;85.125;11.058;0;32.433;0;832.672;0;224.421;162.467;23.178;
43;BRB                                                   ;I;2;2;06/1996;1.114.662;131.317;160.862;1.925;328.870;42.684;665.658;72.148;47.104;26.215;157;216.123;0;87.257;207.415;-17.591;
44;DEUTSCHE                                              ;I;4;         ;06/1996;1.231.580;1.266;0;16.834;211.207;0;229.307;66.043;0;44.114;13.194;653.297;0;225.625;85.549;3.029;
45;JP MORGAN                                             ;C;4;         ;06/1996;1.109.367;11;0;2.426;326.682;0;329.119;0;33.766;24.785;0;290.897;0;430.798;131.312;9.119;
46;VOTORANTIM                                            ;I;3;2;06/1996;1.071.975;443;0;32.079;131.167;0;163.689;413.747;0;22.098;0;198.352;0;274.089;140.703;9.704;
47;DEUTSCH                                               ;I;4;         ;06/1996;1.086.842;465;0;5.004;119.788;0;125.257;0;0;1.956;485;751.968;0;207.176;98.678;8.017;
48;RURAL                                                 ;C;3;         ;06/1996;1.019.635;4.926;426;33.623;360.425;1;399.399;22.469;57;87.458;7.424;94.112;0;408.716;152.667;15.285;
49;BEAL                                                  ;I;4;2;06/1996;1.243.292;634;0;84.952;30.144;0;115.729;190.321;0;197.653;3.225;192.911;0;543.453;66.490;2.002;
50;BMG                                                   ;C;3;         ;06/1996;1.015.050;952;0;8.318;280.599;0;289.869;58.335;241.302;61.065;8;239.532;0;124.940;133.307;14.453;
51;BASA                                                  ;I;1;         ;06/1996;975.606;46.431;74.781;0;80.661;340.234;542.107;18.338;0;13.001;559;62.641;0;338.960;102.536;12.310;
52;BANESTES                                              ;I;2;2;06/1996;984.622;89.141;275.790;43.851;251.987;2.406;663.173;36.879;10.793;30.199;1.349;99.636;0;142.592;47.127;-34.354;
53;GERAL DO COMERCIO;C;4;         ;06/1996;919.674;42.661;0;75.864;424.204;0;542.729;64.739;0;66.068;2.248;111.978;0;131.913;147.942;6.617;
54;SUL AMERICA                                           ;I;5;2;06/1996;867.180;415;0;72.664;27.565;0;100.644;591.706;0;10.209;0;93.895;0;70.726;89.757;13.793;
55;BCN BARCLAYS                                          ;I;5;2;06/1996;1.205.109;0;0;39.912;27.559;0;67.471;460.002;0;42.727;1.640;428.388;0;204.882;121.485;13.507;
56;SOGERAL;C;5;         ;06/1996;1.083.084;403;0;49.264;40.634;0;90.301;304.037;0;35.081;1.734;399.248;0;252.682;90.080;5.509;
57;BEC                                                   ;I;2;2;06/1996;755.654;34.917;102.126;9.070;171.883;80.654;398.650;0;23.485;22.056;28;225.367;0;86.068;72.247;1.312;
58;ING BANK                                              ;I;4;         ;06/1996;965.503;224;0;147.338;47.386;0;194.948;262.042;177.847;41.923;19.253;182.480;0;87.009;98.359;4.807;
59;SUMITBANK                                             ;I;4;         ;06/1996;627.883;1.570;0;49.068;33.676;112;84.426;5.261;97.084;8.168;2.001;379.204;0;51.740;116.063;4.446;
60;SANTOS                                                ;I;3;2;06/1996;691.435;1.810;0;55.015;118.780;0;175.605;445.605;0;18.989;1.762;5.766;0;43.708;41.165;4.418;
61;BNL                                                   ;I;4;2;06/1996;657.399;108;0;62.254;79.494;0;141.856;47.320;0;9.512;79;307.368;0;151.264;95.121;2.265;
62;ABC-ROMA                                              ;I;5;2;06/1996;626.360;597;0;43.539;170.091;0;214.226;35.783;0;49.859;0;232.005;0;94.485;120.462;16.379;
63;BANDEPE                                               ;I;2;2;06/1996;731.869;122.563;148.880;2.311;133.978;83.347;491.079;47.095;0;20.617;1.627;114.868;0;56.583;14.504;-42.062;
64;BEG                                                   ;I;2;2;06/1996;586.283;93.335;42.093;15.960;96.755;12;248.155;212.606;0;29.958;1.350;18.702;0;75.512;58.069;-12.659;
65;BCO GARANTIA                                              ;I;3;2;06/1996;489.480;0;0;124.548;10.332;0;134.880;0;0;45.831;0;0;0;308.769;95.924;12.290;
66;BMD                                                   ;C;3;         ;06/1996;490.331;2.802;0;34.686;216.711;0;254.199;952;0;18.022;1.887;30.725;0;184.547;90.639;1.520;
67;SRL                                                   ;I;5;         ;06/1996;530.024;0;0;9.032;102.425;0;111.457;31.259;0;18.778;0;29.522;0;339.007;70.381;5.694;
68;INVESTCRED                                            ;I;3;2;06/1996;432.363;2.090;0;196.285;90.078;0;288.453;482;0;75.470;0;0;0;67.958;32.297;1.725;
69;AGF BRASEG                                            ;I;5;2;06/1996;508.408;25;0;0;101.266;0;101.290;107.849;0;3.318;0;118.025;0;177.925;50.132;2.533;
70;OMEGA;C;3;         ;06/1996;555.537;61;0;1.207;49.271;0;50.538;446.557;0;1.353;2;5.110;0;51.977;43.552;97;
71;BANFORT                                               ;I;3;2;06/1996;346.816;1.797;0;17.283;175.979;0;195.059;4.554;0;7.205;8;97.945;0;42.046;53.556;-6.086;
72;BANPARA                                               ;I;2;2;06/1996;329.784;49.545;28.236;3.928;45.502;80.216;207.428;4.666;0;13.162;917;63.596;0;40.016;18.194;-35.310;
73;BEA                                                   ;I;2;         ;06/1996;314.668;50.101;47.736;0;52.451;0;150.288;0;0;9.132;288;32.831;0;122.128;23.557;-3.182;
74;FININVEST                                             ;I;5;2;06/1996;324.514;143;0;7.969;223.982;0;232.094;65.331;0;5.013;93;58;0;21.925;44.867;8.215;
75;SOFISA                                                ;C;3;         ;06/1996;238.436;2.225;0;70.227;108.591;0;181.043;855;0;4.283;4.962;32.641;0;14.651;58.625;6.097;
76;CACIQUE                                               ;I;3;         ;06/1996;227.138;2.277;0;1.182;31.421;0;34.880;44.923;0;8.145;2;61.174;0;78.014;58.790;5.931;
77;PROSPER                                               ;I;3;2;06/1996;231.973;489;0;5.726;9.777;0;15.992;190.975;0;1.675;2.618;1.147;0;19.566;27.127;4.620;
78;PANAMERICANO                                          ;I;3;2;06/1996;209.667;1.550;0;40.743;129.304;0;171.596;479;0;8.651;338;6.346;0;22.257;35.140;2.638;
79;BEM                                                   ;I;2;2;06/1996;233.365;93.749;30.381;1.867;36.411;11.169;173.578;7.503;15.379;2.353;96;21.367;0;13.090;5.828;-19.229;
80;CREDITO SP                                            ;I;3;2;06/1996;159.982;382;0;20.540;75.837;0;96.759;447;0;17.248;193;8.359;0;36.976;75.307;10.560;
81;BANSANDER                                             ;I;4;         ;06/1996;164.884;487;0;0;0;0;487;142.472;0;741;0;2.931;0;18.253;54.947;-303;
82;INTERUNION                                            ;I;3;2;06/1996;176.272;769;0;7.125;26.767;0;34.660;119.608;0;14.043;0;2.986;0;4.975;26.125;4.981;
83;SCHAHIN                                               ;C;3;         ;06/1996;170.029;288;0;1;65.572;0;65.861;1.463;0;1.596;1;69.750;0;31.358;20.509;1.447;
84;PORTUGUES                                             ;I;4;         ;06/1996;136.002;489;0;0;7.745;0;8.234;0;0;2.070;1;103.828;0;21.869;43.119;2.736;
85;FINANCIAL                                             ;I;4;         ;06/1996;146.301;1.931;0;0;17.064;30;19.026;1.501;0;1.777;310;119.815;0;3.874;33.657;635;
86;BBC                                                   ;I;3;2;06/1996;165.840;8.222;15.862;1.688;88.025;2;113.800;10.428;2.007;15.343;211;12.375;0;11.675;15.769;-5.144;
87;BANESE                                                ;I;2;         ;06/1996;155.063;25.964;44.296;0;51.909;6.677;128.846;0;0;6.436;0;12.808;0;6.973;15.312;-3.889;
88;INDUSTRIAL                                            ;I;3;2;06/1996;117.210;114;0;5.491;41.763;0;47.368;19.512;0;2.942;0;26.588;0;20.800;44.565;4.178;
89;PRODUBAN                                              ;I;2;         ;06/1996;181.523;23.195;20.277;7.113;18.279;0;68.864;1.999;0;3.489;7;94.215;0;12.950;-40.113;-25.180;
90;TRIANGULO                                             ;I;3;         ;06/1996;107.936;1.331;0;1.091;89.429;0;91.851;0;0;8.756;0;0;0;7.328;21.191;167;
91;HISPANO                                               ;I;4;         ;06/1996;109.697;443;0;0;28.164;0;28.607;0;0;471;0;78.068;0;2.550;14.644;-1.542;
92;PARAIBAN                                              ;I;2;         ;06/1996;56.229;25.815;0;0;9.866;0;35.681;0;0;4.101;0;403;0;16.044;63.081;2.100;
93;LAVRA                                                 ;I;3;2;06/1996;95.034;379;0;1.347;37.497;0;39.222;35;5.087;4.797;23;20.719;0;25.149;19.954;27;
94;INTERCAP                                              ;I;3;2;06/1996;85.760;361;0;12.351;68.451;0;81.163;121;0;2.844;0;0;0;1.632;13.069;2.070;
95;GUANABARA                                             ;I;3;         ;06/1996;76.684;0;0;0;22.844;0;22.844;0;0;571;0;50.539;0;2.731;17.384;1.429;
96;BRASCAN                                               ;C;5;         ;06/1996;64.721;129;0;0;52.081;0;52.210;1;0;1.447;712;2.373;0;7.978;31.285;1.730;
97;DAYCOVAL                                              ;I;3;2;06/1996;51.615;1.411;0;1.001;28.866;0;31.279;1.733;0;5.765;72;10.959;0;1.807;38.021;2.509;
98;MAPPIN                                                ;I;3;2;06/1996;71.182;581;0;18.543;24.176;0;43.300;0;0;2.830;0;0;0;25.052;16.812;2.043;
99;ARAUCARIA                                             ;I;3;2;06/1996;71.628;166;0;1.084;19.445;0;20.695;24.711;0;1.012;0;6.405;0;18.805;13.491;218;
100;CREDIBEL                                              ;I;3;         ;06/1996;65.514;640;0;3.187;50.544;0;54.371;0;0;2.159;874;1.004;0;7.107;17.724;-291;
101;LA PROVINCIA                                          ;I;4;         ;06/1996;63.144;67;0;0;324;0;391;0;0;115;11;42.793;0;19.834;18.625;870;
102;GERDAU                                                ;I;3;2;06/1996;68.433;0;0;0;11.372;0;11.372;0;0;55.284;0;0;0;1.777;11.772;204;
103;BEPI                                                  ;I;2;         ;06/1996;41.519;11.132;62;0;12.025;0;23.218;0;0;6;0;752;0;17.543;36.863;463;
104;VR                                                    ;I;3;2;06/1996;51.752;191;0;1.098;34.144;0;35.432;924;0;7.054;4;0;0;8.337;20.403;1.387;
105;BEMAT                                                 ;I;2;         ;06/1996;84.287;22.131;0;6.006;19.682;0;47.818;116;0;3.789;980;13.846;0;17.738;-12.854;-19.868;
106;VEGA                                                  ;C;3;         ;06/1996;52.360;11;0;139;28.025;0;28.175;1.200;0;3.308;92;3.469;0;16.115;19.381;1.510;
107;FICSA                                                 ;I;3;2;06/1996;41.286;23;0;2.283;21.635;0;23.942;307;0;1.358;0;0;0;15.679;19.530;2.960;
108;PEBB                                                  ;I;3;2;06/1996;28.910;23;0;27.693;0;24;27.739;0;0;437;0;0;0;734;29.637;-13.286;
109;AGROINVEST                                            ;I;5;2;06/1996;48.682;0;0;36;26.929;0;26.965;0;0;4.284;0;2.293;0;15.139;8.602;514;
110;PARANA                                                ;I;3;2;06/1996;41.279;1.528;0;169;30.076;0;31.773;150;0;800;0;130;0;8.425;12.354;59;
111;RAIBOBANK                                             ;I;4;         ;06/1996;21.055;0;0;0;0;0;0;0;0;7;0;12.694;0;8.353;29.476;-578;
112;FATOR                                                 ;C;3;         ;06/1996;30.007;0;0;1.491;5.727;0;7.219;5.980;0;4.690;0;213;0;11.905;16.403;141;
113;SEGMENTO                                              ;I;3;2;06/1996;51.887;62;0;3.275;13.211;0;16.548;34.841;0;163;0;0;0;335;9.431;-300;
114;UNION                                                 ;I;4;         ;06/1996;24.873;495;0;0;6.088;0;6.583;636;0;130;2;10.008;0;7.514;18.373;-31.431;
115;LUSO BRASILEIRO                                       ;I;3;         ;06/1996;24.596;550;0;122;16.772;0;17.444;2.806;0;562;1.339;1.575;0;869;13.695;-599;
116;MORADA                                                ;I;3;2;06/1996;21.638;0;0;3.674;5.598;0;9.272;0;0;144;0;10.846;0;1.377;15.236;567;
117;BANIF                                                 ;C;3;         ;06/1996;21.216;2;0;-27;12.784;0;12.758;0;0;119;0;0;0;8.338;15.268;447;
118;PECUNIA                                               ;I;3;2;06/1996;20.039;495;0;0;13.348;0;13.843;0;0;880;8;0;0;5.307;15.703;217;
119;OPPORTUNITY                                           ;I;3;         ;06/1996;52.650;0;0;0;0;0;0;34.073;0;0;0;0;0;18.578;17.142;683;
120;CEDULA                                                ;I;3;         ;06/1996;15.689;566;0;0;10.454;0;11.020;0;0;2.792;0;0;0;1.876;17.566;1.613;
121;BANAP                                                 ;I;2;         ;06/1996;24.956;17.540;0;0;3.775;0;21.314;0;0;797;1;0;0;2.844;6.852;-1.132;
122;BANER                                                 ;I;2;         ;06/1996;25.490;16.338;0;0;162;0;16.500;0;0;924;82;5.778;0;2.205;6.118;-6.393;
123;BGN                                                   ;I;3;         ;06/1996;13.260;1.816;0;0;8.158;0;9.974;0;0;2.035;0;0;0;1.252;17.221;1.278;
124;INTERIOR                                              ;I;3;         ;06/1996;21.024;2.095;0;0;11.809;0;13.904;4.455;0;2.253;28;0;0;384;11.369;22;
125;BANCNACION                                            ;I;4;         ;06/1996;14.405;462;0;0;2.865;0;3.327;3.082;0;185;0;7.112;0;700;13.477;-2.111;
126;BVA                                                   ;I;3;         ;06/1996;13.407;0;0;255;9.219;0;9.474;1.370;0;0;0;2.010;0;553;15.338;3.193;
127;RIBEIRAO PRETO                                        ;I;3;         ;06/1996;14.723;2;0;1.164;9.701;0;10.867;1.587;0;1.472;0;0;0;798;12.561;876;
128;EXTERIBANK                                            ;I;4;         ;06/1996;1.957;2;0;0;201;0;203;0;0;9;0;367;0;1.378;25.476;1.338;
129;EMPRESARIAL                                           ;I;3;2;06/1996;16.284;1.440;0;886;12.299;0;14.625;770;0;304;36;0;0;549;10.967;-935;
130;RENNER                                                ;I;3;         ;06/1996;13.237;37;0;0;10.018;0;10.055;0;0;474;0;0;0;2.708;13.525;2.274;
131;BCO.SICREDI                                           ;I;3;         ;06/1996;37.998;267;0;0;12.988;0;13.255;20.911;0;3.153;0;0;0;678;8.042;542;
132;CLASSICO                                              ;I;3;         ;06/1996;7.222;76;0;0;667;0;744;803;0;55;233;0;0;5.387;17.605;2.243;
133;PREMIER                                               ;I;3;         ;06/1996;15.697;315;0;0;13.401;0;13.716;0;0;939;0;10;0;1.031;9.111;1.110;
134;MODAL                                                 ;I;3;         ;06/1996;26.244;0;0;0;12.319;0;12.319;13.289;0;17;2;0;0;616;11.484;115;
135;CRUZEIRO                                              ;I;3;2;06/1996;9.275;241;0;2.844;4.979;0;8.064;0;0;168;0;0;0;1.042;13.976;-56;
136;MATONE                                                ;I;3;2;06/1996;15.105;523;0;0;12.381;0;12.904;61;0;849;0;0;0;1.290;7.783;-7;
137;LA REPUBLICA                                          ;I;4;         ;06/1996;4.660;493;0;0;0;0;493;0;0;422;9;3.059;0;677;15.073;-848;
138;SANTOS NEVES                                          ;I;3;2;06/1996;8.455;1.036;0;27;5.287;0;6.350;590;0;637;0;494;0;385;10.935;106;
139;INDUSCRED                                             ;I;3;2;06/1996;4.257;307;0;0;3.488;0;3.795;0;0;230;0;0;0;232;13.622;1.272;
140;PLANIBANC                                             ;I;5;2;06/1996;3.835;1;0;2.586;225;0;2.812;0;0;10;0;0;0;1.012;10.039;-192;
141;APLICAP                                               ;C;3;         ;06/1996;4.729.147;0;0;26;0;0;26;4.726.078;0;20;0;0;0;3.024;9.905;178;
142;CAMBIAL                                               ;C;3;         ;06/1996;2.949;0;0;-83;701;0;618;0;0;37;0;0;0;2.293;9.733;525;
143;THECA                                                 ;I;3;2;06/1996;568;0;0;0;0;0;0;0;0;0;0;0;0;568;9.393;1.692;
144;COMERCIAL SP                                          ;I;3;         ;06/1996;11.037;639;0;0;3.742;0;4.381;0;0;0;0;6.385;0;271;-5.899;-3.640;
145;BANCIONAL                                             ;I;3;2;06/1996;762;563;0;0;0;0;563;0;0;0;0;0;0;199;4.347;604;
Total 50 Maiores Bancos (Consolidado Bancario I)            ;;;;;;474.236.103;14.966.439;61.788.892;16.655.031;111.077.768;9.062.341;213.550.462;61.188.286;12.413.410;16.698.056;1.238.062;83.439.558;0;85.708.268;35.752.047;-5.823.409;
% de Participacao 50 maiores Bancos (Consolidado Bancario I);;;;;;74,0%;90,0%;97,0%;68,0%;90,0%;93,0%;90,0%;55,0%;86,0%;82,0%;92,0%;62,0%;0,0%;71,0%;71,0%;74,0%;
Total demais Bancos (Consolidado Bancario I)                ;;;;;;25.410.527;815.595;830.520;1.315.019;4.319.057;604.883;7.885.068;8.615.858;331.682;822.108;50.072;3.909.992;0;3.795.735;3.090.038;-68.051;
Total Consolidado Bancario I ( 145  Instituicoes )          ;;;;;;499.646.630;15.782.034;62.619.412;17.970.050;115.396.825;9.667.224;221.435.530;69.804.144;12.745.092;17.520.164;1.288.134;87.349.550;0;89.504.003;38.842.085;-5.891.460;
% de Participacao Consolidado Bancario I                    ;;;;;;78,0%;95,0%;98,0%;73,0%;94,0%;99,0%;93,0%;63,0%;88,0%;86,0%;95,0%;65,0%;0,0%;74,0%;77,0%;75,0%;
1;BNDES                                                 ;I;1;         ;06/1996;34.860.701;99.601;0;0;266.727;0;366.328;0;0;0;0;18.235.878;0;16.258.495;14.161.353;363.624;
2;NACIONAL                                              ;I;3;2;06/1996;12.517.219;0;0;3.832.172;0;0;3.832.172;0;0;749.524;0;6.783.037;0;1.152.486;-7.227.601;-953.338;
3;ECONOMICO                                             ;I;3;2;06/1996;8.883.738;73.436;0;0;0;0;73.436;0;0;8.401;175;7.547.139;0;1.254.587;-4.428.349;-1.780.338;
4;CCF BRASIL                                            ;C;4;         ;06/1996;6.856.201;485;0;234.684;40.765;0;275.933;3.302.791;179.020;551.120;185;1.054.982;0;1.492.170;229.269;27.283;
5;NOROESTE                                              ;C;3;         ;06/1996;4.155.705;19.283;185.728;1.864;1.530.128;0;1.737.003;163.031;208.351;117.929;7.254;792.818;0;1.129.320;447.433;31.578;
6;BCO INV GARANTIA                                              ;I;3;2;06/1996;2.833.411;0;0;295.845;168.901;0;464.746;905.786;0;0;0;445.602;0;1.017.277;443.746;73.238;
7;BISA-ITAMARATI                                        ;C;3;         ;06/1996;2.389.328;8.139;8.347;4.288;529.573;3;550.351;383.729;151.728;84.295;198;754.616;0;464.411;305.022;33.472;
8;MULTIPLIC                                             ;C;5;         ;06/1996;1.819.433;1.602;0;118.444;783.730;0;903.776;175.348;28.750;68.196;13;333.966;0;309.385;432.901;82.115;
9;BBI;C;3;         ;06/1996;2.134.756;225.935;0;43.989;357.032;0;626.956;311.888;110.469;74.375;3.287;637.417;0;370.362;246.479;28.692;
10;BANCOCIDADE                                           ;C;3;         ;06/1996;2.225.522;9.555;0;17.502;860.206;121;887.384;555.907;0;108.936;1.469;446.743;0;225.083;152.872;9.109;
11;INTER-ATLANTICO                                       ;C;5;         ;06/1996;1.688.820;2;0;81.686;336.199;0;417.886;413.614;160.522;115.694;29.741;403.192;0;148.171;92.955;1.098;
12;ICATU                                                 ;I;3;2;06/1996;2.151.868;5.318;0;23.980;44.937;0;74.235;1.457.452;0;12.097;6;212.847;0;395.232;220.952;29.374;
13;FIAT                                                  ;I;4;2;06/1996;1.261.779;0;0;40.532;390.635;0;431.166;101.144;0;0;0;654.197;0;75.272;200.023;36.584;
14;BRDE                                                  ;I;2;         ;06/1996;696.846;0;0;0;0;0;0;0;0;0;0;665.889;0;30.957;478.187;12.959;
15;GENERAL MOTORS                                        ;I;4;2;06/1996;943.344;0;0;204.225;24.982;0;229.207;0;0;26.469;4.533;643.182;0;39.953;116.412;3.803;
16;BANORTE                                               ;I;3;2;06/1996;1.476.055;501;4.023;0;0;0;4.525;0;0;1.202;3.653;1.331.956;0;134.720;-447.997;36.500;
17;MULTI                                                 ;I;4;         ;06/1996;884.289;74;0;3.003;52.031;0;55.107;0;0;473;0;423.670;0;405.038;50.508;10.137;
18;MATRIX                                                ;C;3;         ;06/1996;2.163.362;89;0;15.244;13.384;0;28.717;1.775.744;0;35.179;0;108.613;0;215.109;98.638;6.482;
19;FENICIA                                               ;I;3;2;06/1996;776.960;140;0;22.635;176.692;0;199.468;505.309;0;15.208;2.667;34.543;0;19.764;69.942;7.200;
20;BDMG                                                  ;I;2;         ;06/1996;703.069;0;0;160.798;68.949;0;229.747;0;0;8.629;0;385.768;0;78.924;139.112;-22.414;
21;AUTOLATINA                                            ;I;4;2;06/1996;591.559;0;0;143.778;0;0;143.778;0;0;396.109;0;0;0;51.671;83.844;5.504;
22;FORD                                                  ;I;4;2;06/1996;475.851;0;0;244.186;0;0;244.186;0;0;188.788;0;0;0;42.877;57.555;-5.855;
23;DESENBANCO                                            ;I;2;         ;06/1996;439.983;791;0;470;4.218;0;5.480;0;0;0;0;313.351;0;121.151;58.435;-9.143;
24;CINDAM                                                ;I;3;2;06/1996;481.885;62;0;2.202;75.864;0;78.128;265.700;0;9.045;0;18.790;0;110.223;42.070;1.433;
25;NORCHEM                                               ;I;5;2;06/1996;250.597;356;0;10.028;22.216;0;32.600;0;0;62.994;1;70.449;0;84.553;180.989;23.315;
26;BANQUEIROZ                                            ;I;3;2;06/1996;302.021;2.769;4.949;10.847;106.973;2;125.539;9.135;0;7.565;238;28.696;0;130.848;74.018;5.439;
27;BCO MERCANTIL PERNAMBUCO                                             ;I;3;         ;06/1996;572.086;236;29;0;0;0;264;0;0;0;0;69.641;0;502.181;-220.750;-110.978;
28;BADESC                                                ;I;2;         ;06/1996;240.857;0;0;0;0;0;0;0;0;0;0;237.581;0;3.276;75.485;-15.383;
29;PROGRESSO                                             ;C;3;         ;06/1996;257.203;3.824;21.981;34.094;46.175;0;106.073;9.254;0;12.960;9;88.097;0;40.810;45.591;-17.933;
30;RENDIMENTO                                            ;C;3;         ;06/1996;444.710;845;0;2.003;102.137;0;104.985;201.047;0;9.640;0;62.878;0;66.161;41.068;1.332;
31;INDUSVAL                                              ;C;3;         ;06/1996;232.562;1.771;0;5.069;55.901;2;62.744;39.198;0;2.973;29;18.505;0;109.113;23.944;1.434;
32;LIBERAL;C;3;         ;06/1996;209.972;36;0;317;21.115;0;21.468;124.130;0;1.817;141;4.049;0;58.366;28.564;6.222;
33;BANDES                                                ;I;2;2;06/1996;178.504;3.846;0;0;24.995;0;28.841;0;0;0;0;110.289;0;39.374;39.650;-8.655;
34;TRANSBANCO                                            ;I;3;2;06/1996;160.953;0;0;3.576;17.366;0;20.942;0;0;0;0;111.383;0;28.629;27.723;-4.327;
35;GULFINVEST                                            ;I;5;2;06/1996;124.689;50;0;6.533;68.701;0;75.284;5.003;0;4.456;1;837;0;39.109;68.423;6.916;
36;BRJ                                                   ;I;3;         ;06/1996;168.348;0;0;0;1.902;0;1.902;0;0;0;0;161.429;0;5.017;15.790;357;
37;FONTE                                                 ;C;3;         ;06/1996;1.970.280;316;0;576;10.997;0;11.889;1.869.852;0;2.766;1;18.764;0;67.008;42.115;1.280;
38;GRAPHUS                                               ;C;3;         ;06/1996;126.143;5.016;0;1.507;12.030;0;18.554;84.397;0;290;0;5.616;0;17.286;35.317;2.226;
39;BERON                                                 ;I;2;         ;06/1996;251.616;32.722;0;121.300;18.335;0;172.357;0;0;11.181;128;36.814;0;31.137;-97.245;-32.909;
40;BCO INV BMC                                                   ;I;3;2;06/1996;94.476;0;0;0;84.305;0;84.305;0;0;0;0;0;0;10.171;34.158;2.302;
41;EUROINVEST                                            ;I;5;2;06/1996;108.271;30;0;53.251;2.862;0;56.143;20.731;0;3;0;15.070;0;16.325;37.948;3.064;
42;DESTAK                                                ;I;3;         ;06/1996;1.620.597;0;0;469;4.674;0;5.143;1.614.468;0;501;0;0;0;485;10.700;578;
43;MARKA                                                 ;I;3;         ;06/1996;568.045;5;0;2.194;49.118;0;51.317;500.132;0;593;3.077;643;0;12.283;42.027;4.731;
44;MARTINELLI                                            ;I;3;2;06/1996;93.586;2.125;0;37.386;37.403;1;76.915;0;0;2.913;20;9.700;0;4.038;8.191;-13.965;
45;BANACRE                                               ;I;2;         ;06/1996;120.950;10.819;32.583;0;20.452;0;63.854;40.884;0;2.988;1.308;28;0;11.888;6.405;-3.729;
46;PATENTE                                               ;C;3;         ;06/1996;1.758.183;156;0;142;18.457;0;18.754;1.704.582;0;1.897;0;2.035;0;30.916;36.744;3.525;
47;EQUATORIAL                                            ;I;3;         ;06/1996;71.390;278;0;3;55.070;0;55.351;3.687;0;2.116;0;0;0;10.235;19.585;861;
48;OURINVEST                                             ;C;3;         ;06/1996;67.468;0;0;0;49.517;0;49.517;0;0;0;0;14.537;0;3.414;18.703;560;
49;BOREAL                                                ;I;3;2;06/1996;56.980;0;0;4.601;25.972;0;30.573;13.985;0;2.486;0;5.393;0;4.543;41.473;1.995;
50;DIMENSAO                                              ;I;3;2;06/1996;45.021;774;0;2.448;0;44;3.266;26.887;0;5.228;207;587;0;8.846;37.485;6.752;
51;VETOR                                                 ;C;3;         ;06/1996;51.672;1;0;-57;720;0;663;14.622;0;148;0;0;0;36.238;27.001;6.023;
52;BATTISTELLA                                           ;I;3;         ;06/1996;50.536;0;0;500;0;0;500;0;2.446;2.570;1.163;39.751;0;4.107;28.074;-7.240;
53;ARBI                                                  ;C;3;         ;06/1996;43.103;324;0;0;115;0;440;0;0;94;0;40.099;0;2.470;33.477;-11.953;
54;HEXABANCO                                             ;I;3;         ;06/1996;61.135;467;0;0;57.120;0;57.588;1.234;0;0;0;0;0;2.312;15.439;930;
55;TENDENCIA                                             ;I;3;2;06/1996;44.774;0;0;5.676;5.140;0;10.817;22.430;0;1.408;0;1.809;0;8.311;49.054;5.333;
56;STOCK                                                 ;I;3;2;06/1996;1.453.073;352;0;4.259;5.484;0;10.095;1.441.826;0;546;0;0;0;606;18.388;1.979;
57;INVESTOR                                              ;C;3;         ;06/1996;335.453;0;0;2.124;10.958;0;13.082;310.981;0;0;0;2.968;0;8.423;9.709;541;
58;PATRIMONIO                                            ;I;3;         ;06/1996;33.966;0;0;0;16.680;0;16.680;8.938;0;0;0;0;0;8.348;32.720;5.745;
59;BCR                                                   ;I;3;2;06/1996;54.106;1.306;0;500;42.747;0;44.553;1.657;0;2.454;1;301;0;5.140;13.126;202;
60;FITAL                                                 ;I;3;         ;06/1996;52.205;0;0;0;51.593;0;51.593;0;0;344;0;0;0;268;11.307;496;
61;PAULISTA                                              ;I;3;2;06/1996;48.134;2.840;0;1.543;22.867;0;27.250;4.919;0;4.376;125;5.449;0;6.015;17.686;1.422;
62;EXPRINTER LOSAN                                       ;I;5;2;06/1996;35.491;0;0;0;5.290;0;5.290;9.495;0;0;0;0;0;20.706;17.366;1.605;
63;PORTO REAL                                            ;I;3;         ;06/1996;34.117;6.071;5.305;501;16.883;0;28.761;0;0;2.159;156;0;0;3.042;18.156;-6.314;
64;HNF                                                   ;I;3;2;06/1996;73.419;457;0;5.683;24.590;0;30.731;1.255;0;1.574;1;0;0;39.858;-23.430;-15.112;
65;MIL                                                   ;I;3;2;06/1996;36.541;4.406;0;1.758;19.618;0;25.782;901;0;2.964;6;1.415;0;5.473;12.242;-410;
66;IOCHPE                                                ;I;3;         ;06/1996;29.745;0;0;4.604;3.580;0;8.184;0;0;1.108;712;16.902;0;2.839;15.965;-303;
67;BCO MERCANTIL INVS                                            ;I;3;2;06/1996;17.926;0;0;10.006;0;0;10.006;0;0;1.128;0;566;0;6.226;26.282;2.509;
68;INTERFINANCE                                          ;I;3;2;06/1996;43.039;237;0;0;27.330;0;27.567;12.644;0;0;0;0;0;2.828;11.002;1.502;
69;NACOES                                                ;I;3;         ;06/1996;33.784;556;0;151;22.550;0;23.257;2.164;0;1.331;0;6.512;0;521;10.631;-264;
70;METROPOLITANO                                         ;I;5;         ;06/1996;20.310;2.049;0;0;9.475;0;11.523;3.892;0;1.165;0;2.573;0;1.156;14.466;-881;
71;MAXI-DIVISA                                           ;I;3;         ;06/1996;13.547;0;0;38;2.258;0;2.296;8.273;0;0;0;0;0;2.978;16.486;3.373;
72;EMBLEMA                                               ;I;3;2;06/1996;9.123;67;0;1.336;5.604;0;7.007;361;0;376;0;0;0;1.379;18.897;955;
73;PERFORMANCE                                           ;I;3;         ;06/1996;1.291.062;1;0;0;91;0;91;1.289.518;0;901;0;0;0;551;8.422;694;
74;AUGUSTA;I;3;2;06/1996;2.035;803;0;0;0;0;803;0;0;1.078;0;0;0;155;23.852;-104;
75;TRICURY                                               ;I;3;         ;06/1996;14.592;0;0;2.501;10.932;0;13.433;0;0;0;0;0;0;1.158;11.233;220;
76;FICRISA AXELRUD                                       ;I;3;2;06/1996;9.525;662;0;0;4.203;0;4.865;0;357;574;0;93;0;3.635;11.416;1.168;
77;MISASI                                                ;C;3;         ;06/1996;9.830;0;0;0;6.760;0;6.760;0;0;0;0;0;0;3.070;9.927;-1.216;
78;INTERPART                                             ;I;3;         ;06/1996;7.318;337;0;2.525;2.816;0;5.677;0;0;375;0;0;0;1.266;11.795;961;
79;MALCON                                                ;I;3;2;06/1996;6.074;17;0;0;0;0;17;0;3.447;251;0;0;0;2.359;12.920;766;
80;FINANSINOS                                            ;I;3;2;06/1996;7.912;27;0;0;5.490;0;5.517;0;0;70;0;0;0;2.326;9.133;93;
81;OPERADOR                                              ;I;3;2;06/1996;1.792;0;0;0;462;0;462;0;0;31;0;0;0;1.300;14.817;243;
82;TECNICORP                                             ;I;3;2;06/1996;7.749;320;0;855;5.161;0;6.335;0;0;353;0;0;0;1.060;8.493;312;
83;PRIME                                                 ;C;3;         ;06/1996;7.966;0;0;1.401;682;0;2.082;700;0;0;0;10;0;5.174;8.885;-322;
84;MAXINVEST                                             ;I;3;         ;06/1996;5.717;271;0;0;4.092;0;4.362;0;0;389;20;0;0;946;8.784;-87;
85;STERLING                                              ;I;5;         ;06/1996;18.041;0;0;0;0;0;0;0;0;0;0;10.717;0;7.324;-3.762;-462;
86;POTTENCIAL                                            ;I;3;         ;06/1996;6.037;8;0;0;3.447;0;3.454;513;0;71;0;1.294;0;704;8.581;764;
87;PORTO SEGURO                                          ;I;3;         ;06/1996;3.784;0;0;0;0;0;0;3.002;0;152;0;0;0;630;10.115;3;
88;AMERICAN EXPRES                                       ;I;4;2;06/1996;1.224;0;0;0;0;0;0;0;0;0;0;0;0;1.224;11.065;965;
89;OK                                                    ;I;3;2;06/1996;4.077;0;0;0;0;0;0;0;0;0;0;0;0;4.077;5.479;21;
90;BANCRED                                               ;I;3;2;06/1996;2.606;920;0;0;796;0;1.716;0;0;249;0;0;0;641;2.230;-813;
91;CRITERIUM                                             ;I;3;         ;06/1996;79;0;0;0;0;0;0;0;0;1;0;0;0;79;3.046;-209;
92;TOTAL                                                 ;I;3;         ;06/1996;2.041.600;0;0;0;0;0;0;2.041.244;0;0;0;0;0;356;2.487;17;
93;BRASEG                                                ;I;5;2;06/1996;11;0;0;0;0;0;0;0;0;0;0;0;0;11;374;23;
Total 5 Maiores Bancos (Consolidado Bancario II)            ;;;;;;67.273.564;192.805;185.728;4.068.720;1.837.620;0;6.284.872;3.465.822;387.371;1.426.974;7.614;34.413.854;0;21.287.058;3.182.105;-2.311.191;
% de Participacao 5 maiores Bancos (Consolidado Bancario II);;;;;;11,0%;1,0%;0,0%;17,0%;1,0%;0,0%;3,0%;3,0%;3,0%;7,0%;1,0%;26,0%;0,0%;18,0%;6,0%;29,0%;
Total demais Bancos (Consolidado Bancario II)               ;;;;;;42.257.858;340.681;77.217;1.765.055;5.139.540;173;7.322.662;18.299.562;457.719;1.308.302;52.911;9.017.822;0;5.798.882;4.089.093;198.473;
Total Consolidado Bancario II ( 93  Instituicoes )          ;;;;;;109.531.422;533.486;262.945;5.833.775;6.977.160;173;13.607.534;21.765.384;845.090;2.735.276;60.525;43.431.676;0;27.085.940;7.271.198;-2.112.718;
% de Participacao Consolidado Bancario II                   ;;;;;;17,0%;3,0%;0,0%;24,0%;6,0%;0,0%;6,0%;20,0%;6,0%;13,0%;4,0%;32,0%;0,0%;22,0%;14,0%;27,0%;
Total Consolidado Bancario III ( 940  Instituicoes )        ;;;;;;933.217;226.911;0;0;325.892;21.984;574.794;0;0;16.176;460;265.939;0;75.852;437.957;14.919;
% de Participacao Consolidado Bancario III                  ;;;;;;0,0%;1,0%;0,0%;0,0%;0,0%;0,0%;0,0%;0,0%;0,0%;0,0%;0,0%;0,0%;0,0%;0,0%;1,0%;0,0%;
Total Consolidado Nao Bancario ( 568  Instituicoes )        ;;;;;;30.741.550;96.632;1.087.487;855.651;310.232;31.648;2.381.650;19.340.159;887.939;15.862;77;3.926.857;0;4.188.997;3.905.912;140.042;
% de Participacao Consolidado Nao Bancario                  ;;;;;;5,0%;1,0%;2,0%;3,0%;0,0%;0,0%;1,0%;17,0%;6,0%;0,0%;0,0%;3,0%;0,0%;3,0%;8,0%;-2,0%;
Total do Sistema Financeiro Nacional                        ;;;;;;640.852.819;16.639.063;63.969.844;24.659.476;123.010.109;9.721.029;237.999.508;110.909.687;14.478.121;20.287.478;1.349.196;134.974.022;0;120.854.792;50.457.152;-7.849.217;
Fonte: Sisbacen
TD (Tipo de Documento): C - Conglomerado, I - Instituição Independente
TC (Tipo de Controle): 1 - Público Federal, 2 - Público Estadual, 3 - Privado Nacional, 4 - Privado Controle Estrangeiro, 5 - Privado Participação Estrangeira
Obs.: 1 - Excepcionalidades ao cumprimento de limites - Vide Relatório
      2 - Instituições líderes do conglomerado bancário não optante pela consolidação mensal de balancetes.
