50 Maiores Bancos e o Consolidado do Sistema Financeiro Nacional
PASSIVOS
Data-base: Junho/1998;;;;;;;;;;;;;;;;;;;Balancetes processados até: 22/12/2005

;;;;;;;;;;;;;;;;;;;;Em R$ Mil
PASSIVOS;;;;;;;;;;;;;;;;;;;;Patrimônio;Lucro
Ranking;Instituições;TD;TC;Obs.;Data;Passivo;Depósitos;;;;;;Captações no;Recursos de Aceites;Relações;Relações;Obrigações por;Instrumentos Financeiros;Outras Obrigações e;Líquido;Líquido
;;;;;Balancete;Exigível;À Vista;Poupança;Interfinanceiros;A Prazo;Outros;Total;Mercado Aberto;e Emissão de Títulos;Interfinanceiras;Interdependências;Empréstimos e Repasses;Derivativos;Exercícios Futuros
1;BB                                                    ;C;1;         ;06/1998;123.517.512;10.614.568;17.210.498;1.807.225;32.704.762;281.019;62.618.072;16.185.074;1.025.732;3.879.882;405.872;20.236.552;0;19.166.327;6.302.102;415.029;
2;CEF                                                   ;I;1;         ;06/1998;103.154.339;2.917.648;24.598.841;30.022;27.195.316;1.972.026;56.713.853;942.722;6.623.943;518.001;85.545;1.920.885;0;36.349.388;4.521.980;182.264;
3;BRADESCO                                              ;C;3;         ;06/1998;59.095.005;4.992.699;14.791.640;143.031;7.115.141;39;27.042.550;13.544.257;335.202;2.593.699;156.570;9.333.066;0;6.089.659;6.211.334;456.132;
4;ITAU                                                  ;C;3;         ;06/1998;44.580.154;2.916.322;12.670.186;205.320;3.064.023;13.703;18.869.554;7.438.157;3.677.589;2.591.974;222.661;5.603.612;0;6.176.607;4.700.731;403.261;
5;UNIBANCO                                              ;C;5;         ;06/1998;26.591.565;983.772;2.750.734;83.509;3.646.292;3.449;7.467.756;2.767.226;4.311.215;310.992;203.652;5.601.414;0;5.929.310;2.879.164;249.631;
6;BANESPA                                               ;C;1;         ;06/1998;22.983.807;2.536.314;2.614.683;458.462;7.380.254;3.301;12.993.013;1.457.364;0;729.352;80.179;2.347.815;0;5.376.084;3.987.127;-49.296;
7;REAL;C;3;         ;06/1998;20.658.969;764.307;3.743.235;231.578;3.929.367;3.945;8.672.432;3.510.097;279.158;1.057.063;98.160;2.738.207;0;4.303.851;1.950.337;135.788;
8;SAFRA                                                 ;C;3;         ;06/1998;16.767.407;105.606;746.267;99.796;2.909.835;2.159;3.863.663;4.123.737;1.847.650;497.714;37.629;3.796.024;0;2.600.990;871.884;75.215;
9;BANRISUL                                              ;C;2;         ;06/1998;14.761.664;346.435;1.418.008;36.823;2.270.689;1.472;4.073.427;351.660;4.292;271.837;51.226;9.093.172;0;916.049;-943.375;-786.199;
10;NOSSA CAIXA                                           ;I;2;         ;06/1998;14.667.599;666.958;4.666.409;0;4.749.314;3.477;10.086.159;2.709.379;193.290;760.330;14.292;150.707;0;753.441;919.292;39.022;
11;HSBC                                                  ;C;4;         ;06/1998;13.060.746;570.528;3.839.707;109.984;2.476.206;1.811;6.998.236;1.708.086;0;637.035;17.896;1.430.714;0;2.268.779;1.107.008;54.430;
12;CITIBANK                                              ;C;4;         ;06/1998;9.021.609;219.110;272.662;265.814;1.028.172;1.045;1.786.803;83.068;565.020;799.130;21.347;2.239.445;0;3.526.796;1.069.473;53.962;
13;SANTANDER BRASIL                                   ;C;4;         ;06/1998;10.033.192;135.491;231.645;48.409;3.592.999;0;4.008.544;896.243;45.152;225.312;15.005;2.208.589;0;2.634.349;699.879;43.695;
14;BANKBOSTON                                            ;C;4;         ;06/1998;9.863.183;331.255;483.220;64.740;682.287;5.724;1.567.227;1.152.963;316.461;725.399;47.011;4.657.671;0;1.396.452;745.495;62.908;
15;MERIDIONAL                                            ;C;5;         ;06/1998;15.459.021;187.811;655.408;16.035;2.361.325;0;3.220.579;7.742.435;355.077;91.040;277;1.159.502;0;2.890.111;1.023.192;45.811;
16;BBA-CREDITANSTALT                                     ;C;5;         ;06/1998;8.106.835;147.934;0;31.053;1.911.779;0;2.090.765;1.518.526;857.232;117.984;78;2.357.801;0;1.164.449;608.543;66.239;
17;BOAVISTA                                              ;C;5;         ;06/1998;6.515.954;59.148;144.365;0;2.005.225;32;2.208.770;825.321;47.464;23.873;837;2.217.047;0;1.192.642;394.210;12.566;
18;MERCANTIL FINASA                                          ;C;3;         ;06/1998;5.887.798;139.713;609.236;153.731;3.263.112;843;4.166.635;229.006;23.465;162.852;16.410;672.382;0;617.048;1.132.605;50.474;
19;SUDAMERIS                                             ;C;4;         ;06/1998;7.935.143;218.877;619.352;161.735;1.130.708;6.130;2.136.801;2.428.628;0;495.922;47.902;1.710.882;0;1.115.009;600.824;40.063;
20;ABN AMRO                                              ;C;4;         ;06/1998;5.760.502;29.394;0;82.733;1.096.886;704;1.209.716;213.153;1.268.327;164.550;41.945;521.009;0;2.341.801;565.652;48.507;
21;BNB                                                   ;I;1;         ;06/1998;5.228.233;191.900;196.467;0;836.874;0;1.225.242;11.490;411.931;52.802;350;1.724.727;0;1.801.692;757.063;28.983;
22;BANESTADO                                             ;C;2;         ;06/1998;7.686.794;433.570;1.389.936;1.156.283;1.687.509;354.970;5.022.268;231.423;199.099;153.101;13.566;928.766;0;1.138.571;-1.826.512;-2.056.744;
23;BANDEIRANTES                                          ;C;4;         ;06/1998;5.575.448;170.181;1.137.663;17.312;1.315.220;71;2.640.448;827.175;223.532;260.240;33.981;599.529;0;990.544;42.029;-21.530;
24;VOTORANTIM                                            ;C;3;         ;06/1998;4.472.267;656;0;9.278;1.409.266;0;1.419.201;1.972.519;438.568;30.616;69;99.490;0;511.803;290.117;18.806;
25;BBM                                                   ;C;3;         ;06/1998;4.103.888;120.976;0;75.308;529.139;0;725.423;1.213.639;53.829;122.590;124.618;1.233.127;0;630.664;364.557;40.444;
26;LLOYDS                                                ;C;4;         ;06/1998;4.828.518;3.028;0;238.447;1.107.389;0;1.348.864;1.095.733;709.332;156.321;161.694;446.901;0;909.673;241.847;-18.348;
27;JP MORGAN                                             ;C;4;         ;06/1998;3.624.619;1.120;0;59.991;484.696;0;545.806;70.949;39.240;11.518;0;1.830.625;0;1.126.480;372.004;94.689;
28;EXCEL;C;4;         ;06/1998;7.954.460;96.799;234.295;7.566;1.956.203;0;2.294.863;3.522.669;310.709;105.188;16.140;939.373;0;765.518;-583.532;-1.114.111;
29;AMERICA DO SUL                                        ;C;5;         ;06/1998;4.039.535;248.936;597.868;10.033;1.122.500;32.539;2.011.876;302.266;208.434;283.715;98.083;784.244;0;350.917;154.476;-138.639;
30;CHASE;C;4;         ;06/1998;3.134.078;1.395;0;0;158.208;0;159.602;9.034;0;186.667;788;1.617.995;0;1.159.991;557.512;42.790;
31;DEUTSCHE                                              ;C;4;         ;06/1998;4.061.117;3.685;0;0;365.676;0;369.361;1.504.806;0;79.435;9.937;1.122.959;0;974.619;143.371;13.261;
32;CSFB GARANTIA;C;4;         ;06/1998;2.929.780;176;0;2.296;31.121;0;33.593;654.316;315.112;41.391;0;60.307;0;1.825.062;265.984;27.827;
33;ING BANK                                              ;I;4;2;06/1998;3.144.335;1.055;0;302.235;170.276;0;473.566;207.072;1.043.930;33.467;104;252.527;0;1.133.669;98.664;12.172;
34;BEMGE                                                 ;C;2;         ;06/1998;2.971.509;263.067;544.127;0;1.081.547;3.159;1.891.901;285.426;0;99.673;1.679;29.842;0;662.989;246.475;-262.155;
35;PACTUAL                                               ;C;3;         ;06/1998;4.100.897;68;0;32.380;724.206;0;756.654;1.754.094;89.292;77.353;0;39.968;0;1.383.535;308.717;50.146;
36;BESC                                                  ;I;2;2;06/1998;2.176.103;258.057;0;407.488;767.735;0;1.433.280;209.419;0;64.047;1.020;339.881;0;128.456;269.569;14.026;
37;FIBRA                                                 ;C;3;         ;06/1998;2.722.360;5.589;0;21.738;547.617;0;574.944;1.135.950;181.401;8.478;4;388.088;0;433.495;206.751;27.826;
38;PONTUAL                                               ;C;3;         ;06/1998;2.251.733;2.605;0;338.002;245.213;0;585.820;530.034;196.303;17.265;11;263.443;0;658.857;148.666;-2.711;
39;BARCLAYS GALICIA                                             ;C;5;         ;06/1998;2.795.091;192;0;3.955;270.489;0;274.636;908.051;0;83.201;2.670;1.177.236;0;349.297;163.726;18.695;
40;BMC                                                   ;C;3;         ;06/1998;1.983.496;8.927;0;2.009;609.196;106;620.237;508.945;0;9.192;581;723.034;0;121.506;234.558;20.087;
41;BANEB                                                 ;I;2;2;06/1998;2.115.836;286.892;321.732;90.136;465.203;340.089;1.504.052;18.412;99.103;56.546;2.174;143.127;0;292.423;92.370;-445.168;
42;BIC                                                   ;C;3;         ;06/1998;3.774.209;11.771;59.629;1.578;986.898;0;1.059.875;1.792.503;0;62.028;201;499.010;0;360.592;220.999;2.536;
43;DRESDNER                                              ;C;4;         ;06/1998;2.052.297;550;0;0;24.731;0;25.281;22.529;0;4.535;130.149;1.611.174;0;258.629;135.356;9.243;
44;RURAL                                                 ;C;3;         ;06/1998;1.954.614;14.721;24.473;1.451;799.102;9;839.756;212.178;82.004;112.106;265;189.964;0;518.341;237.557;51.457;
45;CREDIBANCO                                            ;C;5;         ;06/1998;1.769.549;3.591;0;29.583;301.637;0;334.811;138.502;465.007;45.909;0;594.616;0;190.703;179.722;9.906;
46;BMB                                                   ;I;3;2;06/1998;1.836.586;65.507;304.730;39.403;729.430;0;1.139.071;462.575;0;65.224;824;90.241;0;78.651;375.227;8.099;
47;BMG                                                   ;C;3;         ;06/1998;1.591.515;1.143;0;29.643;431.254;0;462.040;88.762;528.188;2.668;0;128.871;0;380.986;170.070;8.575;
48;BEAL                                                  ;I;4;2;06/1998;1.620.877;161;0;3.395;279.772;0;283.328;189.344;531.839;24.267;1.946;276.477;0;313.675;87.958;3.517;
49;TOKYOMITSUBISHI                                       ;I;4;2;06/1998;1.545.058;13.047;0;260;39.531;0;52.838;130.015;26.152;9.820;13.849;884.699;0;427.685;192.419;904;
50;BASA                                                  ;I;1;         ;06/1998;1.428.500;72.415;105.096;5.003;242.083;384.166;808.764;12.525;0;10.846;213;48.443;0;547.708;157.214;11.123;
51;BRB                                                   ;I;2;2;06/1998;1.403.707;237.573;252.804;0;217.554;135.168;843.099;65.226;83.469;38.017;311;243.703;0;129.882;215.427;1.650;
52;BEG                                                   ;I;2;2;06/1998;1.495.649;196.722;146.391;1.148;310.113;2.861;657.235;563.432;0;51.265;1.380;19.073;0;203.264;-85.098;-93.886;
53;SOGERAL;C;5;         ;06/1998;1.273.168;1.129;0;43.802;187.765;0;232.696;140.750;279.570;3.968;4.109;457.971;0;154.104;96.848;4.536;
54;AGF BRASEG;C;5;         ;06/1998;1.279.237;449;0;3.071;267.418;0;270.938;147.139;301.104;133.218;0;149.100;0;277.739;69.258;6.193;
55;INTER AMEX                                                  ;C;5;         ;06/1998;1.070.835;1.035;0;2.024;290.557;306;293.922;92.761;0;48.356;0;444.237;0;191.560;105.664;6.515;
56;ABC-BRASIL                                            ;C;4;         ;06/1998;1.226.316;1.811;0;28.240;245.491;0;275.542;152.912;0;10.844;0;410.243;0;376.774;152.761;17.760;
57;BNL                                                   ;I;4;2;06/1998;871.947;3.844;0;48.698;106.010;0;158.552;30.246;0;9.070;1.961;517.085;0;155.033;116.874;14.921;
58;BANESTES                                              ;I;2;2;06/1998;1.343.114;105.238;461.080;35.862;262.868;16.710;881.758;74.425;62.128;37.231;916;41.385;0;245.272;-346.671;-8.557;
59;BEC                                                   ;C;2;         ;06/1998;1.055.976;91.089;193.026;5.688;141.683;170.676;602.163;24.699;83.049;24.966;1.627;245.823;0;73.650;-71.688;-145.962;
60;CREFISUL                                              ;C;3;         ;06/1998;804.847;9.338;17.191;64.858;379.252;6;470.645;13.300;47.554;11.979;3.210;43.980;0;214.179;136.490;3.319;
61;RAIBOBANK                                             ;I;4;         ;06/1998;883.566;0;0;0;131.164;0;131.164;0;0;79;0;499.703;0;252.620;38.980;-1.624;
62;FININVEST                                             ;I;5;2;06/1998;817.981;132;0;14.416;482.605;0;497.153;0;0;9.417;186.393;0;0;125.018;103.902;7.683;
63;SUMITBANK                                             ;I;4;         ;06/1998;767.475;8.729;0;0;10.280;154;19.163;98.964;0;4.308;2.941;617.630;0;24.469;143.407;11.874;
64;SUL AMERICA                                           ;C;5;         ;06/1998;696.230;16.866;0;56.242;297.599;0;370.707;47.316;0;104.741;0;101.993;0;71.473;117.198;13.956;
65;SANTOS                                                ;I;3;2;06/1998;1.885.272;5.078;0;53.798;419.037;0;477.913;1.230.168;0;16.921;3.760;76.855;0;79.656;121.581;12.410;
66;BANDEPE                                               ;I;2;2;06/1998;1.503.867;178.932;137.192;277.561;184.789;906;779.379;4.640;0;23.428;329;94.531;0;601.559;-766.677;-471.183;
67;BNP                                                   ;I;4;         ;06/1998;507.926;0;0;0;170.467;0;170.467;1.010;167.635;0;51;150.395;0;18.368;66.602;3.121;
68;PEBB                                                  ;C;3;         ;06/1998;4.260.239;84;0;1.193;11.727;0;13.004;4.232.404;0;304;0;0;0;14.527;77.479;-311;
69;BEA                                                   ;I;2;         ;06/1998;452.526;76.382;54.000;0;179.353;0;309.735;0;0;9.048;148;52.684;0;80.911;99.099;197;
70;PANAMERICANO                                          ;I;3;2;06/1998;491.010;4.958;0;76.724;271.395;188;353.265;43.031;0;15.547;2.346;15.027;0;61.794;80.055;1.144;
71;CREDITO SP                                            ;I;3;2;06/1998;602.867;1.848;0;59.248;115.402;0;176.498;235.679;0;6.679;40;51.056;0;132.916;115.998;8.466;
72;INDUSTRIAL                                            ;I;3;2;06/1998;423.669;3.608;0;62.778;105.915;0;172.301;155.400;0;3.640;0;67.144;0;25.185;62.169;6.953;
73;BANESE                                                ;I;2;         ;06/1998;474.599;72.987;100.390;0;56.192;193.739;423.308;0;7.175;6.772;0;28.146;0;9.198;-22.883;-61.919;
74;OMEGA;C;3;         ;06/1998;399.815;526;0;1.890;25.158;0;27.574;61.664;0;235.432;9;14.249;0;60.886;48.231;-1.861;
75;BRASCAN                                               ;C;4;         ;06/1998;361.972;1.959;0;5.863;163.246;0;171.068;41.793;0;13.459;9.085;73.932;0;52.635;64.802;2.954;
76;SOFISA                                                ;C;3;         ;06/1998;322.323;6.891;0;30.310;174.760;0;211.961;23.851;0;8.919;19.317;4.862;0;53.414;83.414;9.036;
77;CACIQUE                                               ;C;3;         ;06/1998;268.820;2.966;0;501;70.379;0;73.846;40.465;0;9.376;0;13.431;0;131.702;88.805;10.190;
78;BVA                                                   ;I;3;         ;06/1998;323.115;0;0;0;41.987;0;41.987;154.016;0;0;0;122.282;0;4.830;30.321;7.466;
79;BANPARA                                               ;I;2;         ;06/1998;453.913;118.589;57.331;0;37.067;115.333;328.320;1.819;0;10.023;291;98.365;0;15.095;-154.930;-14.326;
80;BEM                                                   ;I;2;2;06/1998;510.135;142.505;40.570;0;37.941;169.474;390.490;0;0;9.178;1;16.837;0;93.630;-217.128;-25.788;
81;PINE                                                  ;C;3;         ;06/1998;211.260;1.537;0;2.016;98.857;0;102.410;20.100;0;4.303;0;64.280;0;20.168;62.222;12.123;
82;FATOR                                                 ;C;3;         ;06/1998;240.038;0;0;0;29.370;0;29.370;109.694;0;36.477;0;0;0;64.496;29.544;3.450;
83;SCHAHIN                                               ;C;3;         ;06/1998;228.458;2.095;0;5.741;65.373;0;73.209;33.879;11.429;1.077;5;88.760;0;20.099;38.749;341;
84;PROSPER                                               ;C;3;         ;06/1998;211.479;2.632;0;2.027;13.023;0;17.683;43.868;0;16.746;29.983;36.316;0;66.883;45.741;4.896;
85;LA PROVINCIA                                          ;I;4;         ;06/1998;189.344;30;0;0;2.363;0;2.393;0;0;652;10;164.569;0;21.720;38.962;2.738;
86;TRIANGULO                                             ;I;3;         ;06/1998;143.333;3.225;0;0;118.613;0;121.838;0;0;5.918;0;0;0;15.576;41.043;5.297;
87;GUANABARA                                             ;I;3;         ;06/1998;138.133;153;0;0;51.159;0;51.311;0;23.153;1.695;0;42.179;0;19.795;28.517;3.170;
88;CRUZEIRO                                              ;I;3;2;06/1998;201.964;2.027;0;6.142;31.473;0;39.642;120.486;0;4.496;15;28.127;0;9.198;18.017;1.802;
89;DAYCOVAL                                              ;I;3;2;06/1998;99.362;3.438;0;2.684;67.382;0;73.503;1.813;0;3.340;0;9.467;0;11.239;60.218;5.751;
90;INTERCAP                                              ;I;3;2;06/1998;137.100;1.095;0;4.120;128.332;0;133.547;0;0;1.083;12;0;0;2.458;19.414;2.588;
91;LAVRA                                                 ;I;3;2;06/1998;138.916;2.610;0;353;52.402;0;55.364;4.756;5.872;4.777;962;61.663;0;5.523;21.827;71;
92;BANCOOB                                               ;I;3;         ;06/1998;164.621;1.008;0;0;31.161;0;32.170;106.530;0;24.724;0;0;0;1.197;9.492;275;
93;VR                                                    ;C;3;         ;06/1998;110.359;857;0;2.004;50.449;0;53.310;0;0;10.773;12;8.699;0;37.565;25.381;3.087;
94;CREDIBEL                                              ;I;3;2;06/1998;89.893;2.402;0;0;52.137;0;54.539;0;0;20.127;33;8.496;0;6.698;32.998;3.386;
95;BEPI                                                  ;I;2;         ;06/1998;84.110;28.737;8.526;0;17.819;0;55.082;0;0;1.939;1;18.602;0;8.486;37.688;653;
96;GERDAU                                                ;I;3;2;06/1998;108.335;117;0;612;29.391;0;30.120;1.633;0;69.691;0;0;0;6.891;12.736;1.120;
97;THECA                                                 ;C;3;         ;06/1998;104.874;0;0;0;0;0;0;0;0;0;0;0;0;104.874;14.157;579;
98;CLASSICO                                              ;I;3;         ;06/1998;6.336;1.976;0;0;0;0;1.976;0;0;19;1.976;0;0;2.366;103.197;8.376;
99;FICSA                                                 ;I;3;2;06/1998;66.328;29;0;4.140;40.053;0;44.223;750;0;2.086;0;0;0;19.270;37.640;3.955;
100;PARAIBAN                                              ;I;2;         ;06/1998;88.634;34.496;0;0;5.997;0;40.493;26.251;0;5.502;0;718;0;15.670;35.997;4.058;
101;ARAUCARIA                                             ;I;3;2;06/1998;75.971;1.266;0;2.102;39.216;0;42.583;3.646;0;974;1.574;19.018;0;8.176;20.857;1.763;
102;BANCNACION                                            ;I;4;         ;06/1998;59.518;2.260;0;0;2.800;0;5.060;0;0;154;37;51.114;0;3.152;36.233;24.396;
103;INVESTCRED                                            ;I;3;2;06/1998;22.572;0;0;5.716;9.164;0;14.880;0;0;301;0;0;0;7.392;69.549;4.902;
104;WACHOVIA                                              ;I;4;         ;06/1998;53.635;632;0;0;1.403;0;2.035;0;0;501;2.741;46.195;0;2.162;27.947;-1.609;
105;MODAL                                                 ;I;3;2;06/1998;60.717;0;0;3.068;24.049;0;27.116;19.075;0;2.325;0;5.038;0;7.162;19.042;1.504;
106;INTERIOR                                              ;I;3;         ;06/1998;49.343;7.791;0;0;31.107;0;38.898;2.443;0;4.765;152;2.282;0;802;20.505;222;
107;AGROINVEST                                            ;I;5;2;06/1998;56.661;0;0;232;20.736;0;20.968;0;0;96;0;34.678;0;920;9.927;634;
108;PARANA                                                ;I;3;2;06/1998;53.339;2.538;0;0;43.475;0;46.013;0;0;960;0;0;0;6.366;12.369;1.044;
109;PECUNIA                                               ;I;3;2;06/1998;46.212;1.186;0;3.162;33.504;0;37.853;0;0;1.058;563;0;0;6.738;18.608;1.052;
110;RENNER                                                ;I;3;         ;06/1998;36.702;50;0;1.146;30.465;0;31.661;0;0;590;0;0;0;4.451;21.715;1.947;
111;MORADA                                                ;I;3;2;06/1998;38.516;15;0;5.464;18.080;0;23.559;0;10;513;0;12.320;0;2.113;17.861;651;
112;UNION                                                 ;I;4;         ;06/1998;23.529;1.002;0;0;12.869;0;13.871;0;0;139;29;5.367;0;4.122;29.048;-4.851;
113;SANTOS NEVES                                          ;I;3;2;06/1998;37.849;2.167;0;0;19.679;0;21.845;744;0;976;0;12.896;0;1.388;13.542;851;
114;BANSICREDI                                            ;I;3;         ;06/1998;141.537;454;0;1.277;17.195;0;18.926;108.019;0;13.854;67;0;0;670;15.903;403;
115;BCOMURUGUAI                                           ;I;4;         ;06/1998;31.862;189;0;0;10.034;0;10.223;0;0;1.279;0;17.439;0;2.921;17.084;788;
116;LUSO BRASILEIRO                                       ;I;3;         ;06/1998;33.685;1.123;0;0;24.810;0;25.933;1.447;0;1.126;5;3.646;0;1.528;14.646;225;
117;CEDULA                                                ;I;3;         ;06/1998;24.612;568;0;0;22.519;0;23.086;0;0;519;0;0;0;1.007;20.629;951;
118;BGN                                                   ;I;3;2;06/1998;24.401;147;0;0;19.381;0;19.528;0;0;1.060;0;542;0;3.272;19.879;1.040;
119;RIBEIRAO PRETO                                        ;I;3;         ;06/1998;26.672;160;0;2.127;11.006;0;13.294;100;0;1.425;0;9.238;0;2.615;15.776;1.507;
120;EXTERIBANK                                            ;I;4;         ;06/1998;10.330;2;0;2.070;4.064;0;6.136;0;0;18;0;5;0;4.171;29.348;2.008;
121;MATONE                                                ;I;3;2;06/1998;28.771;1.162;0;71;24.487;0;25.720;0;0;776;0;0;0;2.276;9.474;664;
122;PRIMUS;C;3;         ;06/1998;28.359;19;0;0;3.528;0;3.547;10.022;0;78;0;0;0;14.711;17.030;681;
123;BONSUCESSO                                            ;I;3;2;06/1998;21.288;225;0;1.032;18.184;0;19.442;0;731;0;0;0;0;1.116;11.618;716;
124;OPPORTUNITY                                           ;I;3;2;06/1998;183.778;0;0;0;0;0;0;176.788;0;0;0;0;0;6.990;24.349;4.244;
125;DESTAK                                                ;I;3;2;06/1998;12.304;182;0;0;4.565;0;4.747;6.515;0;487;0;0;0;554;15.001;3.967;
126;PLANIBANC                                             ;C;5;         ;06/1998;7.660;5;0;0;0;0;5;0;0;205;0;0;0;7.451;17.534;626;
127;LA REPUBLICA                                          ;I;4;         ;06/1998;10.228;1.105;0;0;0;0;1.105;0;0;130;25;3.269;0;5.699;10.029;-4.851;
128;BANER                                                 ;I;2;         ;06/1998;31.469;0;0;0;103;0;103;0;0;0;0;5.040;0;26.326;-11.606;-7.771;
129;BANCAP                                                ;I;3;2;06/1998;3.119;1.718;0;0;0;0;1.718;0;0;348;0;0;0;1.053;10.096;514;
130;HISPANO                                               ;I;4;         ;06/1998;598;0;0;0;0;0;0;0;0;0;0;0;0;598;8.613;39;
Total 50 Maiores Bancos (Consolidado Bancario I)            ;;;;;;637.895.306;31.165.670;96.982.112;6.914.773;134.233.413;3.415.988;272.711.956;89.849.457;27.929.274;18.924.150;2.179.410;99.065.180;0;127.235.873;43.652.391;-1.944.792;
% de Participacao 50 maiores Bancos (Consolidado Bancario I);;;;;;82,0%;93,0%;98,0%;51,0%;92,0%;77,0%;92,0%;78,0%;89,0%;86,0%;88,0%;66,0%;0,0%;79,0%;68,0%;99,0%;
Total demais Bancos (Consolidado Bancario I)                ;;;;;;32.230.230;1.405.698;1.468.501;931.221;6.726.951;805.521;11.337.891;8.475.669;1.072.879;1.106.267;276.427;5.431.685;0;4.529.417;1.846.436;-569.100;
Total Consolidado Bancario I ( 130  Instituicoes )          ;;;;;;670.125.536;32.571.368;98.450.613;7.845.994;140.960.364;4.221.509;284.049.847;98.325.126;29.002.153;20.030.417;2.455.837;104.496.865;0;131.765.290;45.498.827;-2.513.892;
% de Participacao Consolidado Bancario I                    ;;;;;;86,0%;97,0%;99,0%;58,0%;96,0%;95,0%;96,0%;86,0%;93,0%;91,0%;99,0%;70,0%;0,0%;82,0%;71,0%;127,0%;
1;BNDES                                                 ;I;1;         ;06/1998;52.278.845;215.127;0;0;0;0;215.127;0;0;0;3;34.874.372;0;17.189.344;11.182.032;678.303;
2;CCF BRASIL                                            ;C;4;         ;06/1998;9.670.620;861;0;25.731;239.974;0;266.566;3.651.476;628.823;1.517.609;1.122;1.303.779;0;2.301.244;357.746;44.101;
3;FIAT;C;4;         ;06/1998;4.037.644;0;0;901.932;1.622.246;0;2.524.178;8.900;0;0;0;232.124;0;1.272.442;326.329;27.145;
4;BANCOCIDADE                                           ;C;3;         ;06/1998;2.795.128;61.944;0;18.505;837.781;47;918.276;323.558;783.662;82.052;6.672;391.629;0;289.279;182.347;306;
5;GM                                                    ;C;4;         ;06/1998;2.384.585;0;0;1.051.819;236.424;0;1.288.243;0;0;0;0;306.977;0;789.365;228.686;10.025;
6;FORD                                                  ;C;4;         ;06/1998;2.018.115;0;0;746.357;0;0;746.357;0;106.877;14.801;0;391.892;0;758.188;177.424;20.214;
7;VOLKSWAGEN                                            ;C;4;         ;06/1998;1.898.226;0;0;1.013.641;0;0;1.013.641;0;0;30.524;0;126.130;0;727.931;183.826;23.897;
8;ICATU                                                 ;C;3;         ;06/1998;2.050.017;865;0;17.191;403.509;0;421.565;1.284.215;0;14.351;106;42;0;329.737;275.535;23.054;
9;BRDE                                                  ;I;2;         ;06/1998;1.354.652;0;0;0;0;0;0;0;0;0;0;1.316.186;0;38.466;487.512;-19.905;
10;REPUBLIC NATION                                       ;I;4;         ;06/1998;961.981;0;0;0;68.223;0;68.223;0;0;44;0;883.939;0;9.774;118.025;7.106;
11;MULTI                                                 ;I;4;         ;06/1998;861.833;145;0;23.017;125.026;0;148.188;59.928;0;24.150;0;359.432;0;270.136;175.702;13.400;
12;MATRIX                                                ;C;3;         ;06/1998;995.060;1.190;0;6.404;80.375;0;87.969;486.089;0;1.751;0;132.834;0;286.417;105.653;16.079;
13;DESENBANCO                                            ;I;2;         ;06/1998;776.490;909;0;16.298;0;0;17.206;0;0;0;0;363.704;0;395.580;63.523;-324.426;
14;FONTE                                                 ;C;3;         ;06/1998;654.978;1.462;0;326;131.824;0;133.612;294.456;0;15.680;3;62.735;0;148.492;103.699;29.711;
15;LIBERAL;C;4;         ;06/1998;482.350;953;0;-27.902;13.749;0;-13.201;80.343;0;702;0;92.618;0;321.887;104.735;8.236;
16;MULTIPLIC                                             ;C;5;         ;06/1998;216.558;0;0;0;72;0;72;0;0;104.193;0;0;0;112.293;345.216;26.923;
17;BDMG                                                  ;I;2;         ;06/1998;547.281;0;0;8.366;2.451;0;10.817;0;0;4.801;0;435.156;0;96.506;5.588;-123.039;
18;FENICIA                                               ;C;3;         ;06/1998;295.697;623;0;0;89.601;0;90.223;0;0;3.456;133;18.552;0;183.333;86.172;15.694;
19;BADESC                                                ;I;2;         ;06/1998;249.801;0;0;0;0;0;0;0;0;0;0;244.473;0;5.328;48.880;-50.380;
20;BANCO AXIAL                                           ;I;3;2;06/1998;277.721;27;0;0;33.649;0;33.676;237.865;0;492;0;0;0;5.689;28.847;3.710;
21;PATRIMONIO                                            ;I;3;         ;06/1998;195.484;0;0;0;55.249;0;55.249;35.941;0;0;0;0;0;104.294;70.830;9.871;
22;BANDES                                                ;I;2;2;06/1998;211.593;18.198;0;0;12.115;0;30.313;0;0;0;0;99.274;0;82.007;27.638;-9.865;
23;INDUSVAL                                              ;C;3;         ;06/1998;209.684;4.746;0;265;79.772;30;84.813;63.418;3.567;5.319;2;3.610;0;48.955;27.752;3.381;
24;MARKA                                                 ;I;3;         ;06/1998;161.020;1.609;0;2.031;94.268;0;97.909;31.613;0;834;3.083;5.785;0;21.797;61.974;11.081;
25;PATENTE                                               ;C;3;         ;06/1998;799.640;256;0;0;8.069;0;8.325;771.695;0;0;0;0;0;19.620;37.477;5.901;
26;ARBI                                                  ;C;3;         ;06/1998;141.432;32;0;9;4.672;0;4.714;129.180;0;191;0;5.837;0;1.511;45.930;1.894;
27;BRJ                                                   ;I;3;         ;06/1998;167.299;0;0;0;1.272;0;1.272;0;0;0;0;160.299;0;5.728;15.489;-428;
28;EUROINVEST                                            ;I;5;2;06/1998;138.741;101;0;93.065;4.407;0;97.572;0;0;35;0;15.930;0;25.204;39.742;2.944;
29;SOCOPA                                                ;C;3;         ;06/1998;150.204;5.823;0;1.382;34.264;0;41.470;56.133;0;6.334;96;9.766;0;36.405;24.512;2.653;
30;RENDIMENTO                                            ;I;3;         ;06/1998;161.008;1.643;0;2.026;68.555;0;72.224;53.987;0;483;0;6.360;0;27.954;52.453;1.757;
31;EQUATORIAL                                            ;I;3;2;06/1998;102.384;646;0;0;91.434;0;92.080;5.000;0;1.596;0;0;0;3.709;27.180;2.380;
32;STOCK;C;3;         ;06/1998;1.186.329;52;0;0;7.477;0;7.530;1.130.817;0;2.107;0;0;0;45.876;26.456;2.284;
33;TRANSBANCO                                            ;I;3;2;06/1998;93.413;0;0;10.022;6.955;0;16.977;0;0;0;0;64.276;0;12.159;10.140;-12.391;
34;BOREAL                                                ;I;3;2;06/1998;35.485;124;0;2.284;10.723;0;13.130;12.575;0;30;0;7;0;9.742;57.244;4.044;
35;TENDENCIA                                             ;C;3;         ;06/1998;20.761;0;0;-1.715;953;0;-763;3.589;0;543;0;166;0;17.225;64.959;-3.125;
36;GRAPHUS                                               ;C;4;         ;06/1998;68.565;1.071;0;5.465;87;0;6.623;13.536;0;1.881;8;2.512;0;44.005;30.264;-179;
37;MERRILL LYNCH                                         ;I;4;         ;06/1998;48.338;0;0;0;0;0;0;0;0;4.625;0;0;0;43.713;32.626;4.658;
38;PORTO REAL                                            ;I;3;         ;06/1998;62.636;7.368;3.903;0;44.802;0;56.072;1.522;0;2.617;315;0;0;2.110;19.227;314;
39;OURINVEST                                             ;C;3;         ;06/1998;52.257;50;0;0;8.206;0;8.256;0;0;0;0;41.872;0;2.129;21.791;1.833;
40;REDE                                                  ;I;3;         ;06/1998;37.314;0;0;0;22.357;0;22.357;0;0;0;0;9.475;0;5.482;28.357;-23.315;
41;HEXABANCO                                             ;I;3;         ;06/1998;48.204;194;0;81;44.780;0;45.055;0;0;0;0;0;0;3.149;15.103;381;
42;BCO MERCANTIL INVS                                            ;I;3;2;06/1998;18.220;0;0;8.575;0;0;8.576;0;0;0;0;8.526;0;1.119;29.106;83;
43;BANACRE                                               ;I;2;         ;06/1998;106.486;2.516;961;92.000;500;0;95.976;0;0;97;1.301;1.635;0;7.476;-60.071;-43.074;
44;INTERPART                                             ;I;3;         ;06/1998;31.881;147;0;200;8.404;0;8.751;0;0;178;0;21.240;0;1.712;13.371;0;
45;NACOES                                                ;I;3;         ;06/1998;34.133;1.901;0;751;21.160;0;23.811;4.147;0;982;0;3.937;0;1.256;10.374;-1.095;
46;EXPRINTER LOSAN                                       ;I;5;2;06/1998;19.941;0;0;0;8.309;0;8.309;0;0;0;0;0;0;11.632;16.844;-2.159;
47;TRICURY                                               ;I;3;         ;06/1998;23.052;0;0;0;21.415;0;21.415;0;0;0;0;0;0;1.638;12.915;1.223;
48;INDUSCRED                                             ;I;3;         ;06/1998;18.775;996;0;0;14.909;0;15.905;0;0;161;19;0;0;2.689;14.136;2.333;
49;EMBLEMA                                               ;I;3;2;06/1998;14.744;537;0;2.942;8.125;0;11.604;1.818;0;205;0;552;0;565;17.139;542;
50;BCR                                                   ;I;3;2;06/1998;29.412;0;0;15.011;0;0;15.011;0;0;0;0;0;0;14.400;-2.332;-10.309;
51;MALCON                                                ;I;3;2;06/1998;7.600;15;0;0;318;0;333;0;4.342;236;0;0;0;2.690;16.478;851;
52;MISASI                                                ;C;3;         ;06/1998;13.561;0;0;0;7.116;0;7.116;0;0;0;0;0;0;6.445;9.521;-103;
53;FICRISA AXELRUD                                       ;I;3;         ;06/1998;9.644;536;0;0;7.641;0;8.178;0;89;515;0;16;0;846;12.038;80;
54;KEB                                                   ;I;4;         ;06/1998;1.856;1.302;0;0;0;0;1.302;0;0;3;0;3;0;547;18.938;1.109;
55;HNF                                                   ;I;3;2;06/1998;6.906;19;0;0;2.066;0;2.085;0;0;129;0;0;0;4.692;13.557;-2.260;
56;POTTENCIAL                                            ;I;3;         ;06/1998;13.276;43;0;501;1.788;0;2.333;3.000;0;49;0;7.576;0;319;9.451;641;
57;MAXINVEST                                             ;I;3;         ;06/1998;11.812;511;0;0;6.551;0;7.062;2.774;0;532;0;0;0;1.444;8.724;-334;
58;FINANSINOS                                            ;I;3;2;06/1998;7.727;25;0;0;6.285;0;6.310;0;0;79;0;0;0;1.339;9.423;65;
59;PRIME                                                 ;I;3;2;06/1998;7.956;0;0;5.800;1.106;0;6.906;497;0;0;0;2;0;551;9.020;330;
60;TECNICORP                                             ;I;3;2;06/1998;7.805;555;0;2.089;3.555;0;6.198;0;0;96;0;0;0;1.512;7.488;-1.328;
61;MINAS                                                 ;I;3;         ;06/1998;7.030;170;0;0;6.459;0;6.628;0;0;28;0;0;0;373;8.035;102;
62;FITAL                                                 ;I;3;         ;06/1998;524;0;0;0;0;0;0;0;0;12;0;0;0;512;14.125;641;
63;PERFORMANCE                                           ;I;3;         ;06/1998;3.019;0;0;0;26;0;26;1.410;0;0;0;0;0;1.582;10.725;74;
64;OK                                                    ;I;3;         ;06/1998;6.268;0;0;0;829;0;829;0;0;0;0;0;0;5.439;6.503;611;
65;INVESTOR                                              ;C;3;         ;06/1998;5.833;0;0;0;0;0;0;0;0;0;0;4.764;0;1.069;3.697;-1.593;
66;ROYAL INVEST                                          ;I;3;2;06/1998;509;0;0;0;0;0;0;0;0;0;0;0;0;509;8.833;471;
67;STERLING                                              ;I;5;         ;06/1998;11.758;0;0;0;0;0;0;0;0;0;0;3.613;0;8.146;-3.687;-311;
Total 5 Maiores Bancos (Consolidado Bancario II)            ;;;;;;71.166.822;277.932;0;1.997.987;2.936.425;47;5.212.390;3.983.934;1.412.485;1.599.661;7.797;37.108.881;0;21.841.674;12.277.140;759.880;
% de Participacao 5 maiores Bancos (Consolidado Bancario II);;;;;;9,0%;1,0%;0,0%;15,0%;2,0%;0,0%;2,0%;3,0%;5,0%;7,0%;0,0%;25,0%;0,0%;14,0%;19,0%;-39,0%;
Total demais Bancos (Consolidado Bancario II)               ;;;;;;18.152.279;57.360;4.864;2.046.482;1.675.458;30;3.784.190;4.765.548;114.875;244.842;5.066;4.904.726;0;4.333.033;3.261.832;-377.063;
Total Consolidado Bancario II ( 67  Instituicoes )          ;;;;;;89.319.101;335.292;4.864;4.044.469;4.611.883;77;8.996.580;8.749.482;1.527.360;1.844.503;12.863;42.013.607;0;26.174.707;15.538.972;382.817;
% de Participacao Consolidado Bancario II                   ;;;;;;11,0%;1,0%;0,0%;30,0%;3,0%;0,0%;3,0%;8,0%;5,0%;8,0%;1,0%;28,0%;0,0%;16,0%;24,0%;-19,0%;
Total Consolidado Bancario III ( 1074  Instituicoes )       ;;;;;;2.126.515;620.386;0;0;871.303;115.937;1.607.639;0;0;53.094;1.404;328.220;0;136.144;883.791;89.840;
% de Participacao Consolidado Bancario III                  ;;;;;;0,0%;2,0%;0,0%;0,0%;1,0%;3,0%;1,0%;0,0%;0,0%;0,0%;0,0%;0,0%;0,0%;0,0%;1,0%;-5,0%;
Total Consolidado Nao Bancario ( 410  Instituicoes )        ;;;;;;17.079.868;8;766.583;1.662.522;99.836;97.905;2.626.853;7.875.982;694.499;25.903;8.622;2.826.083;0;3.021.926;2.536.768;76.271;
% de Participacao Consolidado Nao Bancario                  ;;;;;;2,0%;0,0%;1,0%;12,0%;0,0%;2,0%;1,0%;7,0%;2,0%;0,0%;0,0%;2,0%;0,0%;2,0%;4,0%;-4,0%;
Total do Sistema Financeiro Nacional                        ;;;;;;778.651.020;33.527.054;99.222.060;13.552.985;146.543.386;4.435.428;297.280.919;114.950.590;31.224.012;21.953.917;2.478.726;149.664.775;0;161.098.067;64.458.358;-1.964.964;
Fonte: Sisbacen
TD (Tipo de Documento): C - Conglomerado, I - Instituição Independente
TC (Tipo de Controle): 1 - Público Federal, 2 - Público Estadual, 3 - Privado Nacional, 4 - Privado Controle Estrangeiro, 5 - Privado Participação Estrangeira
Obs.: 1 - Excepcionalidades ao cumprimento de limites - Vide Relatório
      2 - Instituições líderes do conglomerado bancário não optante pela consolidação mensal de balancetes.
