50 Maiores Bancos e o Consolidado do Sistema Financeiro Nacional
RESULTADO DA INTERMEDIACAO FINANCEIRA
Data-base: Junho/1997;;;;;;;;;;;;;;Balancetes processados até: 22/12/2005

;;;;;;;;;;;;;;;Em R$ Mil
RESULTADO DA INTERMEDIACAO FINANCEIRA
Ranking;Instituições;TD;TC;Obs.;Data;Receitas de Intermediação Financeira;;;;;Despesas de Intermediação Financeira;;;;;Resultado
;;;;;Balancete;Operações de Créd.;Operações com Tít.;Operações com Instrum.;Operações de;Aplicações;Captações;Empréstimos;Arrendam.;Operações;Provisão;Bruto
;;;;;;e Arrend. Mercantil;Val. Mobiliários;Financ. Derivativos;Câmbio;Compulsórias;no Mercado;e Repasses;Mercantil;de Câmbio;para CL
1;CEF                                                   ;I;1;         ;06/1997;4.296.668;1.935.869;3.609;0;788.844;-3.891.163;-1.749.018;0;0;-164.465;1.220.344;
2;BB                                                    ;C;1;         ;06/1997;3.579.356;2.015.351;-151.883;172.255;365.381;-3.405.358;-966.975;-106.309;0;-2.100.873;-599.055;
3;BANESPA                                               ;C;2;         ;06/1997;4.114.069;3.841.577;-4.865;50.346;23.908;-3.736.198;-1.615.204;-28.188;0;-123.690;2.521.755;
4;BRADESCO                                              ;C;3;         ;06/1997;2.045.656;801.233;-19.412;167.797;127.860;-1.002.367;-473.517;-144.903;0;-232.673;1.269.674;
5;ITAU                                                  ;C;3;         ;06/1997;1.764.481;540.726;-4.197;129.473;133.470;-920.122;-345.034;-264.620;0;-215.299;818.878;
6;UNIBANCO                                              ;C;5;         ;06/1997;1.893.568;650.551;-47.987;335.678;74.949;-846.661;-454.993;-195.969;0;-256.489;1.152.647;
7;REAL;C;3;         ;06/1997;864.740;431.134;-5.190;113.732;53.789;-592.324;-121.113;-183.169;0;31.676;593.275;
8;NOSSA CAIXA                                           ;I;2;         ;06/1997;936.060;154.270;2.330;289;48.513;-713.982;-20.295;0;0;660;407.845;
9;BEMGE                                                 ;C;2;         ;06/1997;141.205;95.705;-604;4.900;12.832;-160.187;-6.306;0;0;-70.349;17.196;
10;BCN                                                   ;C;3;         ;06/1997;833.746;322.583;14.583;43.173;37.504;-465.881;-231.905;-198.782;0;-35.065;319.956;
11;BANRISUL                                              ;C;2;         ;06/1997;322.497;712.278;-4.475;12.818;36.712;-207.085;-649.368;-9.764;0;-38.255;175.358;
12;HSBC BAMERINDUS                                       ;I;4;2;06/1997;233.042;222.840;-4.937;7.470;21.405;-293.626;-27.711;-5.227;0;-344;152.912;
13;SAFRA                                                 ;C;3;         ;06/1997;564.974;464.592;-151.411;11.296;10.043;-453.598;-81.635;-119.360;0;-4.706;240.195;
14;CITIBANK                                              ;C;4;         ;06/1997;315.473;217.971;-6.433;9.844;31.164;-271.737;-187.337;-23.047;0;-16.593;69.305;
15;BAMERINDUS                                            ;I;3;         ;06/1997;69.199;362.562;25;0;2.294;0;-101.895;-10.659;-7;-287.778;33.741;
16;BANKBOSTON                                            ;C;4;         ;06/1997;260.731;370.075;-7.673;66.394;5.523;-253.884;-180.109;-57.196;0;-1.838;202.023;
17;BANESTADO                                             ;C;2;         ;06/1997;638.796;45.472;-4.824;19.307;53.429;-363.654;-26.108;-89.036;0;-107.481;165.901;
18;SUDAMERIS                                             ;C;4;         ;06/1997;576.738;224.826;-11.715;27.847;19.437;-371.279;-87.505;-89.174;0;-67.213;221.962;
19;LLOYDS                                                ;C;4;         ;06/1997;119.850;354.968;-2.678;0;947;-328.947;-72.478;-3.037;-2.839;-81.296;-15.510;
20;BOZANO,SIMONSEN                                       ;C;5;         ;06/1997;90.314;73.242;1.797;24.052;991;-192.445;-54.009;-7.482;0;-15.453;-78.993;
21;EXCEL;C;4;         ;06/1997;367.447;167.524;4.022;22.505;25.410;-286.447;-29.476;-28.182;0;-14.370;228.433;
22;BBA-CREDITANSTALT                                     ;C;5;         ;06/1997;240.677;244.105;-32.667;11.653;21.082;-264.443;-98.516;0;0;-18.877;103.014;
23;MERCANTIL SP                                          ;C;3;         ;06/1997;365.631;154.830;26.589;43.121;52.650;-320.371;-42.974;-87.480;0;-12.432;179.564;
24;BNB                                                   ;I;1;         ;06/1997;319.821;55.514;70;13.795;18.156;-142.648;-132.456;0;0;-168.981;-36.729;
25;AMERICA DO SUL                                        ;C;5;         ;06/1997;382.820;110.072;-2.362;25.557;28.611;-230.841;-80.230;-65.047;0;-30.885;137.695;
26;BANDEIRANTES                                          ;C;3;         ;06/1997;466.296;143.524;-3.237;27.700;26.249;-279.020;-29.556;-74.520;0;-74.893;202.543;
27;BOAVISTA                                              ;C;3;         ;06/1997;240.187;250.964;26.778;10.440;13.383;-334.647;-28.681;-23.090;0;-199.403;-44.069;
28;ABN AMRO                                              ;C;4;         ;06/1997;492.593;12.255;-6.781;29.050;0;-131.126;-45.713;-51.755;0;-23.817;274.706;
29;CHASE;C;4;         ;06/1997;25.460;219.975;-7.624;11.277;12.762;-125.737;-36.908;-928;0;380;98.657;
30;BIC                                                   ;I;3;2;06/1997;159.902;79.815;-10.665;4.711;15.804;-156.630;-17.548;-467;0;-8.352;66.570;
31;MERIDIONAL                                            ;I;1;2;06/1997;233.934;33.346;-1.292;12.448;20.531;-136.681;-11.470;0;0;150.227;301.043;
32;PONTUAL                                               ;C;3;         ;06/1997;219.932;78.357;-3.413;6.077;7.612;-148.162;-28.667;-23.871;0;-18.981;88.884;
33;BANEB                                                 ;I;2;2;06/1997;170.694;54.256;272;244;20.568;-112.958;-45.425;0;0;-5.494;82.157;
34;PACTUAL                                               ;C;3;         ;06/1997;4.908;325.026;-52.963;10.027;494;-233.318;-10.239;0;0;-201;43.734;
35;BMC                                                   ;C;3;         ;06/1997;147.152;36.979;2.398;8.121;7.232;-81.644;-41.615;-11.223;0;-6.095;61.305;
36;BESC                                                  ;I;2;2;06/1997;170.172;81.021;-2.666;2.412;9.017;-91.083;-24.714;0;0;-54.519;89.640;
37;CREDIBANCO                                            ;C;5;         ;06/1997;85.716;56.170;-2.516;5.352;278;-78.230;-43.055;-78;0;-6.675;16.962;
38;DIBENS                                                ;C;3;         ;06/1997;251.548;34.189;-2.573;740;5.400;-93.264;-34.501;-134.778;0;7.999;34.760;
39;FIBRA                                                 ;C;3;         ;06/1997;187.417;89.393;-7.475;4.186;3.787;-106.744;-44.738;-52.506;0;-39.957;33.363;
40;RURAL                                                 ;C;3;         ;06/1997;167.555;30.861;930;1.767;5.066;-90.143;-5.416;-6.456;0;-16.388;87.776;
41;VOTORANTIM                                            ;C;3;         ;06/1997;45.441;121.333;-14.319;783;4.683;-144.281;-4.225;0;0;-266;9.149;
42;BMG                                                   ;C;3;         ;06/1997;242.392;40.392;-1.239;0;2.037;-86.798;-21.107;-86.317;-297;-19.445;69.618;
43;JP MORGAN                                             ;C;4;         ;06/1997;17.308;91.352;-866;0;2.266;-61.207;-20.393;0;-1.608;0;26.852;
44;BMB                                                   ;I;3;2;06/1997;111.610;39.292;-1.743;616;7.205;-78.927;-4.973;0;0;-15.376;57.704;
45;BRB                                                   ;I;2;2;06/1997;110.720;33.993;-39;1.384;4.768;-50.332;-20.375;-2.485;0;-14.450;63.184;
46;GERAL DO COMERCIO;C;3;         ;06/1997;134.373;26.966;-1.813;3.462;0;-85.282;-6.433;-15.126;0;-37.190;18.957;
47;DRESDNER                                              ;C;4;         ;06/1997;76.204;32.153;-1.213;23.649;1.512;-19.359;-82.699;0;0;-1.350;28.897;
48;SOGERAL;C;5;         ;06/1997;78.716;51.275;-483;6.490;734;-30.385;-52.416;-34.039;0;-610;19.282;
49;BASA                                                  ;I;1;         ;06/1997;37.796;39.856;-37;3.139;187;-38.953;-40.480;0;0;-33.308;-31.800;
50;BANESTES                                              ;I;2;2;06/1997;93.080;13.084;-173;729;11.661;-57.463;-5.234;0;0;-14.772;40.912;
51;BCO GARANTIA                                              ;I;3;2;06/1997;71;10.376;0;0;0;-9.576;0;0;0;0;871;
52;BEG                                                   ;I;2;2;06/1997;85.653;37.680;-162;845;1.032;-52.002;-195;0;0;-11.171;61.680;
53;SANTOS                                                ;I;3;2;06/1997;41.631;44.944;-7.005;0;2.534;-64.231;-560;0;-1.126;-2.121;14.066;
54;BEC                                                   ;C;2;         ;06/1997;81.802;19.066;-206;1.963;30.315;-49.622;-16.603;0;0;-24.532;42.183;
55;ING BANK                                              ;I;4;2;06/1997;22.659;125.991;-17.523;4.203;0;-112.705;-7.392;0;0;-1.693;13.540;
56;FININVEST                                             ;I;5;2;06/1997;242.824;3.949;-985;2;6.759;-55.842;0;0;0;513;197.220;
57;CREDIREAL                                             ;I;2;2;06/1997;83.967;15.667;-3.363;1.485;7.447;-80.845;-6.528;0;0;-8.491;9.339;
58;AGF BRASEG;C;5;         ;06/1997;21.129;52.999;-4.332;1.604;3.468;-62.957;-2.549;0;0;3.653;13.015;
59;DEUTSCHE                                              ;I;4;         ;06/1997;13.546;35.991;-6.730;16.398;0;-19.817;-21.682;0;0;0;17.706;
60;BNL                                                   ;I;4;2;06/1997;44.602;23.165;-312;10.425;0;-22.905;-34.342;0;0;-630;20.003;
61;SUL AMERICA                                           ;C;5;         ;06/1997;8.707;57.544;-5.628;0;0;-75.342;-7.994;0;-439;-469;-23.621;
62;TOKYOMITSUBISHI                                       ;I;4;2;06/1997;18.143;37.399;-412;24.642;0;-24.374;-29.195;0;0;0;26.203;
63;SUMITBANK                                             ;I;4;         ;06/1997;41.005;36.844;-91;10.359;0;-35.443;-29.090;0;0;-400;23.184;
64;BMD                                                   ;C;3;         ;06/1997;75.710;3.419;-6.908;2.775;2.782;-29.610;-3.007;-3.652;0;-13.452;28.057;
65;BANSANDER                                             ;I;4;         ;06/1997;1.237;39.303;-1.405;777;0;-32.930;-2.532;0;0;0;4.450;
66;ROMA;C;5;         ;06/1997;33.552;37.848;-5.064;6.691;532;-40.104;-23.683;0;0;499;10.271;
67;CREFISUL                                              ;C;3;         ;06/1997;67.785;13.423;387;1.492;2.902;-32.123;-3.127;-1.398;0;-6.715;42.626;
68;BEAL                                                  ;I;4;2;06/1997;16.496;64.270;-3.069;5.271;452;-58.588;-15.007;0;0;-5.201;4.624;
69;PANAMERICANO                                          ;I;3;2;06/1997;97.717;10.645;-136;0;0;-37.249;-1.545;0;-469;-20.495;48.468;
70;BEA                                                   ;I;2;         ;06/1997;35.627;10.028;0;143;1.183;-11.275;-2.756;0;0;-821;32.129;
71;OMEGA;C;3;         ;06/1997;2.765;47.614;-1.694;0;0;-44.428;-482;0;-474;-154;3.147;
72;BANDEPE                                               ;I;2;2;06/1997;44.575;11.349;-1.487;344;4.281;-38.804;-7.612;0;0;-8.951;3.695;
73;SRL;C;5;         ;06/1997;17.618;34.051;-3.244;1.507;1.350;-30.750;-1.638;0;0;-2.172;16.722;
74;CREDITO SP                                            ;I;3;2;06/1997;64.388;9.973;-406;0;2.647;-21.646;-930;0;-611;-8.062;45.353;
75;INDUSTRIAL                                            ;I;3;2;06/1997;17.778;11.500;988;266;0;-15.460;-3.297;0;0;-1.117;10.658;
76;BANPARA                                               ;I;2;         ;06/1997;40.293;4.527;52;774;998;-12.750;-3.378;0;0;-13.239;17.277;
77;CACIQUE                                               ;C;3;         ;06/1997;93.145;9.429;-5.243;0;651;-11.566;-3.280;0;-591;-28.811;53.734;
78;SOFISA                                                ;C;3;         ;06/1997;37.952;12.065;-1.076;43;1.965;-19.513;-1.486;-3.016;0;-1.504;25.430;
79;BANESE                                                ;I;2;         ;06/1997;21.648;14.426;-158;0;2.270;-17.559;-910;0;0;-934;18.783;
80;SCHAHIN                                               ;C;3;         ;06/1997;22.029;6.802;-1.645;1.345;0;-10.663;-7.359;-30;0;-1.745;8.734;
81;APLICAP                                               ;C;3;         ;06/1997;0;312.616;-605;0;0;-310.214;0;0;0;0;1.797;
82;BRASCAN                                               ;C;5;         ;06/1997;1.524;20.020;-1.686;45;428;-8.739;-459;0;0;-2.665;8.468;
83;RAIBOBANK                                             ;I;4;         ;06/1997;892;7.551;646;7.991;224;-3.964;-8.723;0;0;0;4.617;
84;BBC                                                   ;C;3;         ;06/1997;30.627;3.577;-113;1.512;4.618;-16.758;-1.333;-2.386;0;-4.162;15.582;
85;BVA                                                   ;I;3;         ;06/1997;10.990;5.626;239;0;0;-7.538;-1.344;0;0;-3.471;4.502;
86;FINANCIAL                                             ;I;4;         ;06/1997;4.806;1.289;0;3.512;0;-1.362;-3.522;0;0;-2.728;1.995;
87;LA PROVINCIA                                          ;I;4;         ;06/1997;549;3.406;0;7.039;0;-595;-6.718;0;0;55;3.736;
88;PRIMUS;C;3;         ;06/1997;54;3.030;-373;21;0;-775;-117;0;0;0;1.840;
89;BEM                                                   ;I;2;2;06/1997;17.438;2.285;-2;4;728;-9.554;-1.374;0;0;-46.504;-36.979;
90;TRIANGULO                                             ;I;3;         ;06/1997;34.426;585;0;0;1.085;-10.382;0;0;0;-379;25.335;
91;PEBB                                                  ;C;3;         ;06/1997;1.484;57.553;-314;25;0;-48.071;-140;0;0;-314;10.223;
92;CREDIBEL                                              ;I;3;2;06/1997;25.884;7.622;350;0;1.223;-13.141;-211;0;-18;-1.417;20.292;
93;INTERCAP                                              ;I;3;2;06/1997;16.388;4.343;-303;0;1.101;-10.192;0;0;0;-2.104;9.233;
94;PROSPER                                               ;C;3;         ;06/1997;5.289;11.893;3.454;38;0;-6.970;-84;0;0;-1.805;11.815;
95;DAYCOVAL                                              ;I;3;2;06/1997;20.293;2.864;-209;188;455;-6.430;-806;0;0;-2.023;14.332;
96;PORTUGUES                                             ;I;4;         ;06/1997;3.508;4.474;-72;4.200;0;-375;-5.259;0;0;0;6.476;
97;LAVRA                                                 ;I;3;2;06/1997;11.342;2.216;-45;1.154;0;-6.587;-2.093;0;0;392;6.379;
98;GERDAU                                                ;I;3;2;06/1997;5.741;126;14;0;22;-2.792;0;0;0;-496;2.615;
99;GUANABARA                                             ;I;3;         ;06/1997;19.070;1.477;100;0;59;-3.263;-3.724;-6.008;0;-297;7.414;
100;VR                                                    ;C;3;         ;06/1997;5.697;3.755;113;30;83;-4.376;-143;0;0;-332;4.827;
101;PARAIBAN                                              ;I;2;         ;06/1997;2.915;4.952;0;0;8;-387;-112;0;0;-161;7.215;
102;DESTAK                                                ;I;3;2;06/1997;1.161;88.384;1.835;0;0;-89.236;0;0;0;-24;2.120;
103;FICSA                                                 ;I;3;2;06/1997;34.068;2.608;-325;0;147;-5.002;0;0;0;-9.508;21.988;
104;BEMAT                                                 ;I;2;         ;06/1997;6.779;1.750;0;0;20;-5.602;-914;-372;0;-4.349;-2.688;
105;BEPI                                                  ;I;2;         ;06/1997;8.809;998;0;0;515;-1.656;-390;0;0;-6.513;1.763;
106;INVESTCRED                                            ;I;3;2;06/1997;4.607;3.643;2;0;0;-2.667;0;0;0;99;5.684;
107;ARAUCARIA                                             ;I;3;2;06/1997;4.071;1.791;37;8.183;0;-2.685;-850;0;0;-1.453;9.094;
108;FATOR                                                 ;C;3;         ;06/1997;13;5.085;81;0;0;-1.240;0;0;0;0;3.939;
109;PRODUBAN                                              ;I;2;         ;06/1997;7.016;372;0;0;772;-18.222;-10.218;0;0;-1.602;-21.882;
110;BNP                                                   ;I;4;         ;06/1997;0;3.317;0;0;0;-4;0;0;-4;-853;2.456;
111;MODAL                                                 ;I;3;2;06/1997;1.655;7.203;4.708;0;0;-8.113;-1;0;0;0;5.452;
112;OPPORTUNITY                                           ;I;3;2;06/1997;0;6.198;206;0;0;-4.428;0;0;0;0;1.976;
113;PARANA                                                ;I;3;2;06/1997;6.183;1.160;-148;0;24;-3.523;0;0;0;-1.387;2.309;
114;PECUNIA                                               ;I;3;2;06/1997;20.072;811;-22;0;6;-3.002;0;0;0;-6.516;11.349;
115;CLASSICO                                              ;I;3;         ;06/1997;159;2.759;0;0;0;-151;0;0;0;0;2.767;
116;BGN                                                   ;I;3;2;06/1997;4.618;1.532;9;0;1;-2.761;0;0;0;-405;2.994;
117;UNION                                                 ;I;4;         ;06/1997;844;276;16;382;0;-634;-363;0;0;7.430;7.951;
118;CRUZEIRO                                              ;I;3;2;06/1997;5.204;638;-77;0;0;-1.877;-332;0;0;-962;2.594;
119;BCO.SICREDI                                           ;I;3;         ;06/1997;272;8.040;0;0;0;-7.486;0;0;0;-3;823;
120;PINE                                                  ;C;3;         ;06/1997;526;1.394;-30;0;0;-711;0;0;0;-576;603;
121;INTERIOR                                              ;I;3;         ;06/1997;6.570;838;-6;0;0;-2.422;-11;0;0;-2.368;2.601;
122;RENNER                                                ;I;3;         ;06/1997;9.885;687;0;0;0;-2.053;0;0;0;-272;8.247;
123;MORADA                                                ;I;3;2;06/1997;7.205;647;-5;0;182;-2.083;0;0;0;-1.082;4.864;
124;CEDULA                                                ;I;3;         ;06/1997;5.578;1.046;9;0;0;-1.470;0;0;0;-351;4.812;
125;BANCNACION                                            ;I;4;         ;06/1997;962;786;0;621;0;-411;0;0;0;-220;1.738;
126;AGROINVEST                                            ;I;5;2;06/1997;1.259;2.524;50;0;2;-2.580;-146;0;0;-368;741;
127;LUSO BRASILEIRO                                       ;I;3;         ;06/1997;3.785;878;-191;0;0;-1.836;-198;0;0;198;2.636;
128;PLANIBANC                                             ;C;5;         ;06/1997;0;1.864;-82;0;0;-11;0;0;0;0;1.771;
129;SANTOS NEVES                                          ;I;3;2;06/1997;3.958;443;35;3;0;-1.415;-336;0;0;-183;2.505;
130;MATONE                                                ;I;3;2;06/1997;3.182;993;0;0;2;-1.805;0;0;0;-135;2.237;
131;BANER                                                 ;I;2;         ;06/1997;1.717;723;0;0;0;-531;-332;0;0;-293;1.284;
132;EXTERIBANK                                            ;I;4;         ;06/1997;26;2.256;0;150;0;0;-1;0;0;0;2.431;
133;RIBEIRAO PRETO                                        ;I;3;         ;06/1997;3.380;178;-39;0;0;-1.127;-17;0;0;-2;2.373;
134;LA REPUBLICA                                          ;I;4;         ;06/1997;2.355;52;0;1.257;0;-1;-387;0;0;-3.940;-664;
135;BANAP                                                 ;I;2;         ;06/1997;797;671;0;0;0;-364;0;0;0;-268;836;
136;INDUSCRED                                             ;I;3;         ;06/1997;2.385;607;0;0;0;-455;0;0;0;-461;2.076;
137;MINAS                                                 ;I;3;         ;06/1997;2.141;479;-2;0;0;-792;0;0;0;-495;1.331;
138;CAMBIAL                                               ;C;3;         ;06/1997;126;1.115;-35;0;0;-350;0;0;0;0;856;
139;BCOMURUGUAI                                           ;I;4;         ;06/1997;6;2.044;0;0;0;0;0;0;0;0;2.050;
140;THECA                                                 ;I;3;2;06/1997;0;59;0;0;0;0;0;0;0;0;59;
141;BANCAP                                                ;I;3;2;06/1997;1.041;517;0;0;0;-1;0;0;0;-98;1.459;
142;HISPANO                                               ;I;4;         ;06/1997;0;555;0;3;0;0;0;0;0;0;558;
Total 50 Maiores Bancos (Consolidado Bancario I)            ;;;;;;29.308.665;16.585.697;-503.040;1.488.106;2.178.140;-22.567.622;-8.542.748;-2.234.270;-4.751;-4.466.005;11.242.172;
% de Participacao 50 maiores Bancos (Consolidado Bancario I);;;;;;80,0%;73,0%;72,0%;87,0%;90,0%;77,0%;78,0%;76,0%;37,0%;81,0%;79,0%;
Total demais Bancos (Consolidado Bancario I)                ;;;;;;1.777.386;1.461.468;-69.637;129.712;85.273;-1.781.851;-288.817;-16.862;-3.732;-263.586;1.029.354;
Total Consolidado Bancario I ( 142  Instituicoes )          ;;;;;;31.086.051;18.047.165;-572.677;1.617.818;2.263.413;-24.349.473;-8.831.565;-2.251.132;-8.483;-4.729.591;12.271.526;
% de Participacao Consolidado Bancario I                    ;;;;;;85,0%;80,0%;82,0%;94,0%;93,0%;83,0%;81,0%;76,0%;65,0%;85,0%;87,0%;
1;BNDES                                                 ;I;1;         ;06/1997;1.235.846;5.054;306;1.537;0;-57.485;-1.077.217;0;0;-41.483;66.558;
2;NOROESTE                                              ;C;3;         ;06/1997;486.907;145.267;-2.123;17.833;26.279;-255.060;-63.983;-60.273;0;-79.340;215.507;
3;CCF BRASIL                                            ;C;4;         ;06/1997;87.138;587.971;-72.356;33.717;243;-459.261;-80.069;-31.113;0;-2.139;64.131;
4;BCO INV GARANTIA                                              ;I;3;2;06/1997;52.146;147.277;-22.277;0;0;-203.000;-1.213;0;-2.767;0;-29.834;
5;BBI;C;3;         ;06/1997;64.963;173.025;5.746;0;676;-147.184;-40.109;0;-338;-11.592;45.187;
6;INTER-ATLANTICO                                       ;C;5;         ;06/1997;51.051;119.452;-47.802;10.330;0;-66.120;-21.123;-1.747;0;-18.159;25.882;
7;FIAT;C;4;         ;06/1997;260.432;27.202;0;0;10.026;-112.663;-51.402;-7.780;0;-26.051;99.764;
8;BANCOCIDADE                                           ;C;3;         ;06/1997;151.736;72.710;-3.636;11.311;5.465;-112.724;-34.275;-24.631;0;-8.484;57.472;
9;MULTIPLIC                                             ;C;5;         ;06/1997;501.464;82.773;-8.376;3.259;1.442;-123.122;-26.722;-19.108;0;-189.263;222.347;
10;GENERAL MOTORS                                        ;I;4;2;06/1997;243.231;4.744;-237;2;2.234;-96.974;-39.980;0;0;-5.150;107.870;
11;BRDE                                                  ;I;2;         ;06/1997;108.310;20.580;24;0;0;-1;-57.289;-155;0;-49.060;22.409;
12;BDMG                                                  ;I;2;         ;06/1997;40.117;22.428;32.101;0;187;-22.052;-32.008;-39;0;-19.163;21.571;
13;AUTOLATINA                                            ;I;4;2;06/1997;283.415;724;0;0;0;-82.664;-45.609;0;0;-44.348;111.518;
14;ICATU                                                 ;C;3;         ;06/1997;3.077;332.525;-4.051;75;256;-306.269;-928;0;0;0;24.685;
15;MULTI                                                 ;I;4;         ;06/1997;1.659;46.890;-2.390;8.878;86;-4.320;-30.070;0;0;106;20.839;
16;MATRIX                                                ;C;3;         ;06/1997;4.335;50.104;5.178;0;0;-40.850;-14.994;0;-31;0;3.742;
17;FORD                                                  ;I;4;2;06/1997;125.084;1.188;0;0;0;-51.720;-17.318;0;0;-8.461;48.773;
18;FENICIA                                               ;C;3;         ;06/1997;145.701;20.168;-2.186;214;0;-59.613;-2.589;-160;0;-7.049;94.486;
19;FONTE                                                 ;C;3;         ;06/1997;3.210;212.900;1.728;238;238;-203.805;-516;0;0;-488;13.505;
20;DESENBANCO                                            ;I;2;         ;06/1997;32.999;308;0;0;0;-10;-23.084;0;0;-11.041;-828;
21;PATRIMONIO                                            ;I;3;         ;06/1997;0;18.190;131;0;63;-7.887;-18.125;0;-207;0;-7.835;
22;MARKA                                                 ;C;3;         ;06/1997;2.037;24.902;4.409;0;0;-20.791;-29;0;-86;-184;10.258;
23;REPUBLIC NATION                                       ;I;4;         ;06/1997;6;11.789;473;0;244;-8.677;0;-6;0;0;3.829;
24;BADESC                                                ;I;2;         ;06/1997;22.372;1.250;0;0;0;0;-15.798;0;0;-16.363;-8.539;
25;PATENTE                                               ;C;3;         ;06/1997;1.315;131.118;45;0;0;-127.115;-80;0;-156;27;5.154;
26;LIBERAL;C;4;         ;06/1997;67;9.252;566;944;0;-6.826;-457;0;0;0;3.546;
27;BANDES                                                ;I;2;2;06/1997;11.072;8.197;0;0;0;-1.237;-7.491;0;0;-10.858;-317;
28;BRJ                                                   ;I;3;         ;06/1997;17.324;64;-187;0;5.289;-362;-16.652;0;-12;-316;5.148;
29;INDUSVAL                                              ;C;3;         ;06/1997;14.825;10.286;-744;520;572;-15.203;-1.083;0;0;-3.717;5.456;
30;RENDIMENTO                                            ;C;3;         ;06/1997;23.500;13.797;7.190;2.654;1.303;-17.623;-4.004;0;0;-7.124;19.693;
31;TENDENCIA                                             ;I;3;2;06/1997;643;21.331;-15.939;120;0;-11.694;-60;0;0;0;-5.599;
32;BISA                                                  ;I;3;         ;06/1997;20.785;6.818;-678;2.846;22;-16.154;-12.004;0;0;-2.252;-617;
33;TRANSBANCO                                            ;I;3;2;06/1997;14.759;986;0;0;0;-4.560;-10.693;0;0;-6.151;-5.659;
34;SOCOPA                                                ;C;3;         ;06/1997;6.255;10.308;416;433;0;-11.685;-735;0;0;-510;4.482;
35;EUROINVEST                                            ;I;5;2;06/1997;949;2.730;0;0;0;-6.678;-2.346;0;0;-11;-5.356;
36;GRAPHUS                                               ;C;3;         ;06/1997;2.223;4.316;-1.463;0;0;-1.296;-195;0;-219;0;3.366;
37;EQUATORIAL                                            ;I;3;2;06/1997;6.465;7.054;-21;0;0;-8.008;0;0;0;-85;5.405;
38;PORTO SEGURO                                          ;I;3;         ;06/1997;48;11.697;0;0;0;-11.937;0;0;0;0;-192;
39;FITAL                                                 ;I;3;         ;06/1997;0;8.120;0;0;408;-7.081;0;0;0;0;1.447;
40;PERFORMANCE                                           ;I;3;         ;06/1997;20;1.859;-287;0;0;-1.157;0;0;0;0;435;
41;MIL                                                   ;C;3;         ;06/1997;20.363;1.085;-699;774;0;-2.737;-877;-165;0;-4.124;13.620;
42;BERON                                                 ;I;2;         ;06/1997;20.745;3.846;0;1;0;-26.142;-13.340;0;0;-86.333;-101.223;
43;BCR                                                   ;I;3;2;06/1997;14.487;1.865;200;0;261;-6.258;-3;0;0;-4.042;6.510;
44;GULFINVEST                                            ;I;5;2;06/1997;2.930;16.293;1.459;0;331;-6.434;-34;0;-150;-3.192;11.203;
45;OURINVEST                                             ;C;3;         ;06/1997;1.230;7.550;1.697;0;358;-4.924;-675;0;-408;-2;4.826;
46;BANACRE                                               ;I;2;         ;06/1997;8.039;5.456;0;0;95;-7.831;-1.453;0;0;113;4.419;
47;STOCK;C;3;         ;06/1997;1.279;185.211;-34;0;0;-184.623;0;0;0;-5.765;-3.932;
48;BOREAL                                                ;I;3;2;06/1997;78;5.470;9.618;28;0;-5.480;-50;0;0;0;9.664;
49;HEXABANCO                                             ;I;3;         ;06/1997;11.660;1.611;252;0;621;-5.855;0;0;0;-2.558;5.731;
50;PORTO REAL                                            ;I;3;         ;06/1997;6.973;674;244;0;79;-3.299;0;0;0;689;5.360;
51;DIMENSAO                                              ;I;3;2;06/1997;681;3.466;-111;140;0;-992;-47;0;0;-97;3.040;
52;ARBI                                                  ;C;3;         ;06/1997;3.727;21.176;34;42;0;-20.212;-401;0;0;-11.266;-6.900;
53;BANCO AXIAL                                           ;I;3;2;06/1997;2;5.381;1.450;0;0;-3.320;0;0;0;0;3.513;
54;HNF                                                   ;I;3;2;06/1997;1.825;40;0;0;0;-1.524;0;0;0;-6.799;-6.458;
55;BCO MERCANTIL INVS                                             ;I;3;2;06/1997;3.562;245;0;0;0;-8;-178;0;0;-2.127;1.494;
56;IOCHPE                                                ;I;3;         ;06/1997;2.005;373;0;0;0;0;-1.654;0;0;-404;320;
57;NACOES                                                ;I;3;         ;06/1997;4.894;1.492;0;0;0;-2.714;-477;0;0;-2.459;736;
58;METROPOLITANO                                         ;I;5;         ;06/1997;2.021;1.113;0;0;0;-1.580;-129;0;0;-608;817;
59;EXPRINTER LOSAN                                       ;I;5;2;06/1997;0;2.404;12.525;0;0;-602;0;0;0;0;14.327;
60;BATTISTELLA                                           ;I;3;         ;06/1997;2.424;2;0;0;0;-505;-590;0;0;-2.827;-1.496;
61;INTERFINANCE                                          ;I;3;2;06/1997;7.093;1.950;325;0;0;-3.504;0;0;0;-6.963;-1.099;
62;EMBLEMA                                               ;I;3;2;06/1997;889;2.965;-11;0;0;-1.268;0;0;0;-510;2.065;
63;INVESTOR                                              ;C;3;         ;06/1997;529;2.917;-471;0;0;-3.871;-1.342;0;0;-544;-2.782;
64;INTERPART                                             ;I;3;         ;06/1997;1.745;-1.151;-246;0;0;-243;-244;0;0;0;-139;
65;TRICURY                                               ;I;3;         ;06/1997;1.982;1.188;43;0;0;-1.323;0;0;0;-593;1.297;
66;MALCON                                                ;I;3;2;06/1997;3.613;416;0;0;0;-396;0;0;0;-46;3.587;
67;FICRISA AXELRUD                                       ;I;3;         ;06/1997;2.300;713;0;0;0;-341;-3;0;0;-232;2.437;
68;POTTENCIAL                                            ;I;3;         ;06/1997;2.066;281;-4;0;0;-337;-268;0;0;-38;1.700;
69;MAXINVEST                                             ;I;3;         ;06/1997;2.328;244;0;0;0;-660;0;0;0;-205;1.707;
70;MISASI                                                ;C;3;         ;06/1997;1.819;875;-6;0;0;-1.159;0;0;0;0;1.529;
71;FINANSINOS                                            ;I;3;2;06/1997;2.648;321;0;0;0;-620;0;0;0;-707;1.642;
72;TECNICORP                                             ;I;3;2;06/1997;2.063;158;-29;0;0;-777;0;0;0;-123;1.292;
73;PRIME                                                 ;I;3;2;06/1997;0;569;53;0;0;-542;-1;0;0;0;79;
74;AMERICAN EXPRES                                       ;I;4;2;06/1997;864;536;-8;0;0;-75;0;0;0;0;1.317;
75;BANCRED                                               ;I;3;2;06/1997;117;47;0;0;0;-137;0;0;0;0;27;
76;STERLING                                              ;I;5;         ;06/1997;55;20;0;0;0;-343;0;0;0;0;-268;
77;OK                                                    ;I;3;2;06/1997;1.510;160;0;0;0;0;0;0;0;0;1.670;
78;OPERADOR                                              ;I;3;2;06/1997;745;208;-5;0;0;-143;0;0;0;-344;461;
79;CRITERIUM                                             ;I;3;         ;06/1997;0;81;0;0;0;0;0;0;0;0;81;
Total 5 Maiores Bancos (Consolidado Bancario II)            ;;;;;;1.927.000;1.058.594;-90.704;53.087;27.198;-1.121.990;-1.262.591;-91.386;-3.105;-134.554;361.549;
% de Participacao 5 maiores Bancos (Consolidado Bancario II);;;;;;5,0%;5,0%;13,0%;3,0%;1,0%;4,0%;12,0%;3,0%;24,0%;2,0%;3,0%;
Total demais Bancos (Consolidado Bancario II)               ;;;;;;2.241.777;1.596.011;-9.460;42.809;29.580;-1.869.657;-509.425;-53.791;-1.269;-576.261;890.314;
Total Consolidado Bancario II ( 79  Instituicoes )          ;;;;;;4.168.777;2.654.605;-100.164;95.896;56.778;-2.991.647;-1.772.016;-145.177;-4.374;-710.815;1.251.863;
% de Participacao Consolidado Bancario II                   ;;;;;;11,0%;12,0%;14,0%;6,0%;2,0%;10,0%;16,0%;5,0%;34,0%;13,0%;9,0%;
Total Consolidado Bancario III ( 1001  Instituicoes )       ;;;;;;209.100;32.494;2;0;1.180;-57.519;-36.597;0;0;-16.782;131.878;
% de Participacao Consolidado Bancario III                  ;;;;;;1,0%;0,0%;0,0%;0,0%;0,0%;0,0%;0,0%;0,0%;0,0%;0,0%;1,0%;
Total Consolidado Nao Bancario ( 457  Instituicoes )        ;;;;;;1.290.309;1.954.169;-27.561;1.974;104.606;-1.882.242;-322.090;-554.067;-150;-76.351;488.597;
% de Participacao Consolidado Nao Bancario                  ;;;;;;4,0%;9,0%;4,0%;0,0%;4,0%;6,0%;3,0%;19,0%;1,0%;1,0%;3,0%;
Total do Sistema Financeiro Nacional                        ;;;;;;36.754.237;22.688.433;-700.400;1.715.688;2.425.977;-29.280.881;-10.962.268;-2.950.376;-13.007;-5.533.539;14.143.864;
Fonte: Sisbacen
TD (Tipo de Documento): C - Conglomerado, I - Instituição Independente
TC (Tipo de Controle): 1 - Público Federal, 2 - Público Estadual, 3 - Privado Nacional, 4 - Privado Controle Estrangeiro, 5 - Privado Participação Estrangeira
Obs.: 1 - Excepcionalidades ao cumprimento de limites - Vide Relatório
      2 - Instituições líderes do conglomerado bancário não optante pela consolidação mensal de balancetes.
