50 Maiores Bancos e o Consolidado do Sistema Financeiro Nacional
PASSIVOS
Data-base: Dezembro/1996;;;;;;;;;;;;;;;;;;;Balancetes processados até: 22/12/2005

;;;;;;;;;;;;;;;;;;;;Em R$ Mil
PASSIVOS;;;;;;;;;;;;;;;;;;;;Patrimônio;Lucro
Ranking;Instituições;TD;TC;Obs.;Data;Passivo;Depósitos;;;;;;Captações no;Recursos de Aceites;Relações;Relações;Obrigações por;Instrumentos Financeiros;Outras Obrigações e;Líquido;Líquido
;;;;;Balancete;Exigível;À Vista;Poupança;Interfinanceiros;A Prazo;Outros;Total;Mercado Aberto;e Emissão de Títulos;Interfinanceiras;Interdependências;Empréstimos e Repasses;Derivativos;Exercícios Futuros
1;CEF                                                   ;I;1;         ;12/1996;90.092.478;1.157.498;16.830.966;0;24.351.713;11.193.650;53.533.827;1.261.511;5.329.668;87.423;387.634;880.335;0;28.612.079;4.171.886;244.334;
2;BB                                                    ;C;1;         ;12/1996;77.041.045;4.056.587;12.459.725;2.577.184;25.959.950;142.563;45.196.010;9.288.462;821.186;28.308;430.427;12.480.295;0;8.796.357;5.592.213;254.936;
3;BANESPA                                               ;C;2;         ;12/1996;60.328.940;2.391.114;1.971.508;9.491.704;7.857.599;1.655;21.713.580;15.887.342;310;3.020;126.098;16.905.308;0;5.693.282;2.441.089;822.084;
4;BRADESCO                                              ;C;3;         ;12/1996;29.242.896;2.303.139;10.185.638;25.105;2.327.288;1;14.841.171;6.157.583;103.081;21.581;392.034;5.738.606;0;1.988.840;5.517.179;400.777;
5;ITAU                                                  ;C;3;         ;12/1996;26.240.816;1.489.910;8.389.970;142.081;1.530.867;5.521;11.558.350;4.153.539;1.185.385;230.825;283.633;4.885.467;0;3.943.618;4.004.766;324.973;
6;UNIBANCO                                              ;C;5;         ;12/1996;22.144.912;834.557;2.268.138;34.644;4.399.968;1.837;7.539.144;2.777.854;2.744.031;82.889;62.076;5.743.345;0;3.195.573;2.153.767;158.209;
7;REAL;C;3;         ;12/1996;15.414.673;684.986;2.703.367;141.966;3.350.361;1.387;6.882.067;3.515.120;85.592;49.998;164.391;2.960.140;0;1.757.365;1.685.311;104.354;
8;BAMERINDUS                                            ;C;3;         ;12/1996;11.996.726;400.251;2.686.945;1.209.292;1.413.930;240;5.710.657;1.468.270;4.595;6.403;138.361;2.833.900;0;1.834.540;1.057.167;-276.443;
9;NOSSA CAIXA                                           ;I;2;         ;12/1996;9.618.215;324.480;3.274.659;319.235;3.824.267;2.204;7.744.845;332.699;585.283;239;3.255;142.654;0;809.239;759.865;897;
10;BANRISUL                                              ;C;2;         ;12/1996;9.460.903;499.338;599.603;49.279;1.470.583;482;2.619.286;115.265;95.601;8.258;30.613;6.379.333;0;212.546;420.956;-30.359;
11;CREDIREAL                                             ;I;2;2;12/1996;8.422.082;37.751;92.846;469.224;358.094;0;957.915;51.298;0;100;110;7.282.154;0;130.504;25.659;-27.214;
12;SAFRA                                                 ;C;3;         ;12/1996;10.274.075;26.093;554.151;220.645;2.005.734;217;2.806.840;4.136.951;671.398;10.572;75.648;1.322.022;0;1.250.644;743.255;128.159;
13;CITIBANK                                              ;C;4;         ;12/1996;6.013.271;137.186;222.747;0;1.257.783;0;1.617.715;125.254;743.984;5.484;222.266;1.209.704;0;2.088.864;591.631;-61.161;
14;BCN                                                   ;I;3;2;12/1996;5.805.220;117.630;588.736;50.802;1.983.549;62;2.740.780;670.481;53.495;57.060;39.263;1.769.993;0;474.149;934.819;73.294;
15;BANESTADO                                             ;C;2;         ;12/1996;5.660.233;311.653;1.074.641;544.811;1.862.984;72.661;3.866.751;78.498;435.656;259;48.001;426.230;0;804.838;453.987;1.860;
16;SUDAMERIS                                             ;C;4;         ;12/1996;6.353.694;85.850;477.839;160.341;1.138.759;3.841;1.866.630;2.063.593;108.662;15.086;77.637;1.690.860;0;531.226;447.181;37.110;
17;BANKBOSTON                                            ;C;4;         ;12/1996;7.493.901;67.471;185.656;33.720;338.304;4.890;630.041;2.651.174;12.602;77.819;34.714;2.493.618;0;1.593.932;370.117;18.834;
18;MERCANTIL SP                                          ;C;3;         ;12/1996;4.368.672;61.868;496.202;55.663;2.356.391;737;2.970.861;509.146;12.372;25.065;42.508;417.442;0;391.277;903.832;113.568;
19;BOAVISTA                                              ;C;3;         ;12/1996;5.415.327;51.211;128.680;440;1.694.658;144;1.875.134;2.605.700;7.386;3.277;3.498;545.167;0;375.166;354.386;24.949;
20;BNB                                                   ;I;1;         ;12/1996;3.926.302;112.631;120.199;28.376;879.835;0;1.141.040;175.227;318.314;54.500;5.233;1.349.840;0;882.149;454.078;25.294;
21;BBA-CREDITANSTALT;I;5;2;12/1996;3.855.556;105;0;28.199;1.001.124;0;1.029.429;1.390.922;0;0;2.114;1.096.167;0;336.924;428.980;79.211;
22;BOZANO,SIMONSEN                                       ;C;5;         ;12/1996;4.791.858;5.334;0;40.811;134.723;0;180.868;1.744.506;177.442;0;75;922.092;0;1.766.876;519.902;76.301;
23;BANDEIRANTES                                          ;C;3;         ;12/1996;4.709.089;143.997;799.946;26.301;1.189.714;112;2.160.070;1.514.408;205.034;13.407;73.415;392.674;0;350.081;380.220;18.399;
24;BBV BANCO                                             ;I;4;2;12/1996;3.605.897;67.267;319.278;28.672;1.233.492;17;1.648.726;342.189;442.040;8.524;25.606;603.329;0;535.484;530.063;28.301;
25;AMERICA DO SUL                                        ;I;5;2;12/1996;3.853.329;187.827;473.503;1.039;1.347.844;29.883;2.040.097;526.997;0;35.472;108.335;940.487;0;201.941;365.936;28.301;
26;ABN AMRO                                              ;C;4;         ;12/1996;3.128.568;7.637;0;91.674;579.209;602;679.122;320.953;631.918;203.258;8.444;500.670;0;784.203;323.954;35.781;
27;LLOYDS                                                ;C;4;         ;12/1996;2.626.739;2.474;0;71.116;744.143;0;817.732;106.917;572.280;27.210;122.735;541.675;0;438.190;261.291;-7.148;
28;BEMGE                                                 ;C;2;         ;12/1996;2.507.603;207.168;453.933;16.793;855.328;1.875;1.535.097;343.375;0;3.220;17.888;104.890;0;503.134;168.672;-33.111;
29;BMC                                                   ;C;3;         ;12/1996;2.066.982;3.677;0;548;558.612;381;563.218;747.868;0;0;475;602.469;0;152.952;237.299;-17.938;
30;BIC                                                   ;I;3;2;12/1996;3.396.625;3.934;76.817;71.291;916.626;0;1.068.667;1.807.362;0;0;8;358.655;0;161.933;203.407;12.124;
31;MERIDIONAL                                            ;I;1;2;12/1996;2.107.003;24.547;595.292;5.411;823.153;0;1.448.402;188.423;0;71;693;177.363;0;292.051;326.203;-36.251;
32;CHASE;C;4;         ;12/1996;2.801.154;971;0;26.048;11.891;0;38.909;506.188;0;0;22;422.132;0;1.833.904;501.619;33.586;
33;PONTUAL                                               ;C;3;         ;12/1996;2.006.406;6.131;0;66.287;612.324;0;684.742;191.639;267.509;0;0;558.181;0;304.335;163.515;15.787;
34;BANEB                                                 ;I;2;2;12/1996;1.867.246;129.088;254.456;64.853;541.395;18.921;1.008.712;74.206;162.299;10.606;2.330;531.198;0;77.894;121.699;-17.483;
35;BESC                                                  ;I;2;2;12/1996;1.605.060;212.023;0;147.158;666.710;3;1.025.894;116.182;0;46;11.475;308.576;0;142.888;248.829;13.581;
36;DIBENS                                                ;C;3;         ;12/1996;1.647.100;2.754;0;27.007;371.128;0;400.890;106.160;367.718;8.149;451;461.119;0;302.613;164.735;8.219;
37;PACTUAL                                               ;I;3;2;12/1996;1.531.840;0;0;21.664;24.491;0;46.155;161.225;125.439;0;0;3.342;0;1.195.677;237.923;34.321;
38;FIBRA                                                 ;I;3;2;12/1996;1.831.705;3.369;0;216.632;376.415;0;596.416;544.388;0;1.074;0;446.300;0;243.526;146.522;18.643;
39;BMB                                                   ;I;3;2;12/1996;1.285.910;44.535;232.439;65.607;475.851;0;818.431;283.881;0;3.996;17.500;72.937;0;89.165;353.318;-2.290;
40;DEUTSCH                                               ;I;4;2;12/1996;1.235.824;261;0;48.661;136.289;0;185.211;13.002;0;0;452;860.710;0;176.449;99.886;-529;
41;CREDIBANCO                                            ;I;5;2;12/1996;1.141.256;314;0;43.404;109.350;0;153.068;16.813;0;0;0;878.108;0;93.268;170.728;15.419;
42;RURAL                                                 ;C;3;         ;12/1996;1.126.810;5.296;2.996;3.302;570.835;1;582.431;28.076;0;4;0;170.256;0;346.043;156.394;22.011;
43;BMG                                                   ;C;3;         ;12/1996;1.107.232;3.043;0;10.195;278.654;0;291.891;13.165;479.630;16.478;0;200.036;0;106.032;139.172;-3.820;
44;BRB                                                   ;I;2;2;12/1996;1.037.509;176.897;180.696;0;241.859;24.503;623.955;23.557;72.059;50;575;224.653;0;92.660;202.194;-12.142;
45;JP MORGAN                                             ;C;4;         ;12/1996;902.470;17;0;115;356.997;0;357.128;29.885;35.029;0;0;284.028;0;196.400;245.803;3.806;
46;GERAL DO COMERCIO;C;3;         ;12/1996;1.071.079;32.822;0;47.046;633.875;0;713.742;101.638;0;4.112;20.902;134.916;0;95.769;142.771;-6.016;
47;BANESTES                                              ;I;2;2;12/1996;977.342;91.558;346.849;54.302;213.292;0;706.001;19.331;59.595;175;10.846;104.474;0;76.920;76.101;9.228;
48;BNL                                                   ;I;4;2;12/1996;949.398;871;0;40.404;225.779;0;267.055;160.298;0;13.034;75;463.665;0;45.271;97.702;3.595;
49;BASA                                                  ;I;1;         ;12/1996;902.615;49.813;120.335;0;114.970;295.242;580.360;15.451;0;93;261;55.782;0;250.668;129.755;28.399;
50;VOTORANTIM                                            ;C;3;         ;12/1996;1.906.171;223;0;61.930;414.499;0;476.652;1.047.933;0;0;225;201.422;0;179.940;143.861;4.953;
51;TOKYOMITSUBISHI                                       ;I;4;2;12/1996;918.702;5.455;0;11.431;49.395;0;66.281;181.588;43.141;4.756;10.401;505.477;0;107.057;205.653;6.886;
52;BEC                                                   ;I;2;2;12/1996;842.946;35.506;120.251;15.754;192.102;90.038;453.650;24.151;57.600;16;19;244.748;0;62.764;72.698;781;
53;SUMITBANK                                             ;I;4;         ;12/1996;798.340;1.980;0;36.935;120.080;85;159.080;69.241;100.900;0;2.503;438.363;0;28.253;128.988;3.110;
54;SOGERAL;C;5;         ;12/1996;1.063.299;218;0;33.568;95.065;0;128.852;301.216;7.458;0;680;475.694;0;149.399;93.652;3.294;
55;SANTOS                                                ;I;3;2;12/1996;1.332.224;3.978;0;30.872;226.966;0;261.816;1.000.122;0;154;1.692;14.008;0;54.433;52.291;5.586;
56;BCN BARCLAYS                                          ;I;5;2;12/1996;975.880;371;0;15.175;12.009;0;27.555;294.580;0;0;164;562.504;0;91.077;126.183;-5.517;
57;ING BANK                                              ;I;4;2;12/1996;1.500.829;663;0;180.890;153.419;0;334.972;814.830;184.133;5.262;2.510;96.810;0;62.311;101.041;3.522;
58;ROMA;C;5;         ;12/1996;704.174;1.180;0;19.447;143.748;0;164.374;77.494;0;0;0;267.732;0;194.575;140.858;18.423;
59;BEG                                                   ;I;2;2;12/1996;696.164;108.615;51.910;26.575;115.041;38;302.179;244.907;0;171;6.492;13.438;0;128.976;71.138;15.726;
60;DEUTSCHE                                              ;I;4;         ;12/1996;662.096;560;0;0;78.588;0;79.147;55.461;0;0;14.038;475.442;0;38.007;86.364;816;
61;SUL AMERICA                                           ;C;5;         ;12/1996;942.353;8.766;0;97.844;144.276;0;250.886;515.657;0;0;0;121.164;0;54.646;111.372;28.420;
62;BMD                                                   ;C;3;         ;12/1996;616.600;5.462;0;7.495;259.221;0;272.178;89.446;0;7;11.090;40.754;0;203.125;92.103;1.159;
63;BANFORT                                               ;I;3;2;12/1996;596.549;1.577;0;61.612;147.730;0;210.919;214.521;0;564;155;148.932;0;21.459;64.280;-20.585;
64;BANDEPE                                               ;I;2;2;12/1996;799.200;151.831;154.016;0;137.820;82.914;526.582;49.980;0;0;3.504;117.412;0;101.723;-206.807;-217.791;
65;FININVEST                                             ;I;5;2;12/1996;496.960;530;0;37.892;382.333;0;420.756;31.036;0;0;176;60;0;44.931;57.988;20.233;
66;OMEGA;C;3;         ;12/1996;475.799;53;0;2.743;37.855;0;40.651;335.265;0;9;20;6.205;0;93.648;46.704;3.005;
67;INDUSTRIAL                                            ;I;3;2;12/1996;410.598;107;0;6.179;74.738;0;81.025;285.499;0;0;0;35.958;0;8.115;51.191;2.246;
68;AGF BRASEG                                            ;I;5;2;12/1996;453.998;87;0;9.436;184.197;0;193.721;95.273;0;47;0;142.696;0;22.261;54.665;4.533;
69;BEAL                                                  ;I;4;2;12/1996;363.206;273;0;1.740;84.853;0;86.866;99.076;13.125;0;3.910;125.167;0;35.062;87.838;-534;
70;BEA                                                   ;I;2;         ;12/1996;311.629;71.347;81.181;0;41.305;0;193.834;0;0;0;355;40.903;0;76.537;93.561;2.819;
71;BCO GARANTIA                                              ;I;3;2;12/1996;307.625;0;0;42.489;81.586;0;124.075;0;0;0;120;0;0;183.430;84.813;11.274;
72;PANAMERICANO                                          ;I;3;2;12/1996;347.597;2.428;0;97.842;187.473;0;287.742;18.774;0;0;0;16.561;0;24.520;52.570;3.426;
73;SRL                                                   ;I;5;         ;12/1996;377.319;0;0;12.335;134.645;0;146.981;93.650;0;0;0;27.408;0;109.280;73.411;3.031;
74;BANSANDER                                             ;I;4;         ;12/1996;294.515;151;0;0;0;0;151;137.212;10.591;0;0;21.976;0;124.584;58.886;3.939;
75;CACIQUE                                               ;I;3;         ;12/1996;295.604;3.888;0;2.017;59.508;0;65.414;17.002;0;3.738;34;67.246;0;142.170;65.675;8.985;
76;SOFISA                                                ;C;3;         ;12/1996;260.166;4.380;0;53.150;140.862;0;198.392;9.412;0;0;6.700;37.877;0;7.786;65.787;6.953;
77;BANPARA                                               ;I;2;2;12/1996;269.696;43.960;31.005;7.404;42.079;52.520;176.968;11.589;0;995;327;61.012;0;18.805;40.369;22.175;
78;CREDITO SP                                            ;I;3;2;12/1996;208.127;489;0;5.866;153.889;0;160.244;4.163;0;4.188;1.123;8.154;0;30.256;85.006;-707;
79;SCHAHIN                                               ;C;3;         ;12/1996;199.439;743;0;6.231;76.705;0;83.679;7.269;0;0;605;82.183;0;25.702;26.905;2.463;
80;BEM                                                   ;I;2;2;12/1996;237.024;92.013;34.243;5.784;41.663;5.389;179.093;9.184;16.535;55;68;20.982;0;11.107;-17.267;-23.000;
81;BANESE                                                ;I;2;         ;12/1996;226.486;33.479;46.676;1.999;65.472;8.601;156.228;41.046;1.706;65;0;19.841;0;7.601;19.900;5.402;
82;BBC                                                   ;C;3;         ;12/1996;221.576;4.360;17.373;9.697;111.058;0;142.489;42.627;8.364;0;620;13.775;0;13.702;16.937;1.163;
83;RAIBOBANK                                             ;I;4;         ;12/1996;162.833;0;0;100;3.172;0;3.272;0;0;0;3;124.020;0;35.538;30.062;586;
84;PEBB                                                  ;C;3;         ;12/1996;115.240;480;0;0;6.240;25;6.744;90.507;0;1;0;0;0;17.988;68.320;1.461;
85;INVESTCRED                                            ;I;3;2;12/1996;129.284;294;0;20.908;40.429;0;61.632;0;0;10;0;0;0;67.642;53.165;5.764;
86;FINANCIAL                                             ;I;4;         ;12/1996;139.876;3.383;0;0;13.786;9;17.179;0;0;0;287;118.346;0;4.064;34.576;920;
87;DESTAK                                                ;I;3;2;12/1996;1.715.151;197;0;0;4.089;0;4.286;1.593.961;0;0;0;0;0;116.904;11.070;370;
88;PRIMUS;C;3;         ;12/1996;141.577;12;0;0;5.772;0;5.785;121.951;0;0;0;0;0;13.842;17.611;2.453;
89;PORTUGUES                                             ;I;4;         ;12/1996;115.288;1.227;0;0;6.081;0;7.308;0;0;0;205;99.038;0;8.737;42.386;-733;
90;TRIANGULO                                             ;I;3;         ;12/1996;117.683;1.916;0;12.584;89.953;0;104.453;3.012;0;0;0;0;0;10.218;30.984;853;
91;LA PROVINCIA                                          ;I;4;         ;12/1996;128.016;51;0;0;6.660;0;6.711;0;0;0;0;108.537;0;12.769;20.394;1.769;
92;PARAIBAN                                              ;I;2;         ;12/1996;72.768;51.836;0;0;6.352;0;58.188;0;0;0;0;501;0;14.079;64.276;1.475;
93;DAYCOVAL                                              ;I;3;2;12/1996;164.144;1.539;0;0;61.875;0;63.413;82.921;0;42;0;11.572;0;6.195;42.723;964;
94;PROSPER                                               ;C;3;         ;12/1996;94.256;617;0;5.427;10.459;0;16.503;31.399;0;0;18.209;1.173;0;26.972;32.790;5.663;
95;CREDIBEL                                              ;I;3;         ;12/1996;103.128;1.147;0;100;71.397;0;72.644;3.471;0;1.419;15.577;940;0;9.077;20.214;2.490;
96;BRASCAN                                               ;C;5;         ;12/1996;91.595;45;0;1.049;39.426;0;40.520;0;0;1;565;3.233;0;47.276;32.483;1.198;
97;LAVRA                                                 ;I;3;2;12/1996;94.663;1.301;0;6.657;44.007;0;51.966;2.551;5.270;0;426;25.391;0;9.059;21.511;58;
98;ARAUCARIA                                             ;I;3;2;12/1996;96.913;602;0;0;19.294;0;19.896;30.248;0;1.070;10.534;8.313;0;26.853;15.724;766;
99;GUANABARA                                             ;I;3;         ;12/1996;90.822;0;0;0;35.511;0;35.511;0;0;21;131;50.175;0;4.985;20.714;3.330;
100;INTERCAP                                              ;I;3;2;12/1996;87.495;460;0;6.169;78.034;0;84.663;0;0;59;0;0;0;2.773;15.355;3.366;
101;BEPI                                                  ;I;2;         ;12/1996;64.048;26.011;599;0;15.834;0;42.445;0;0;2;0;4.593;0;17.007;33.116;-4.605;
102;OPPORTUNITY                                           ;I;3;         ;12/1996;73.528;0;0;0;0;0;0;65.558;0;0;0;0;0;7.970;18.350;1.208;
103;FICSA                                                 ;I;3;2;12/1996;66.201;24;0;410;36.280;0;36.713;951;0;0;0;0;0;28.536;26.223;6.693;
104;DBLABM                                                ;I;4;2;12/1996;69.336;0;0;0;62.181;0;62.181;0;0;0;0;0;0;7.155;18.982;-1.555;
105;VR                                                    ;C;3;         ;12/1996;60.924;196;0;0;33.421;0;33.616;10.815;0;0;480;4.225;0;11.788;21.407;900;
106;PRODUBAN                                              ;I;2;         ;12/1996;233.240;29.697;20.635;46.999;18.673;0;116.004;0;0;7;5;70.724;0;46.501;-152.386;-112.300;
107;MAPPIN                                                ;I;3;2;12/1996;25.028;101;0;0;20.110;0;20.211;0;0;645;0;0;0;4.172;54.236;1.985;
108;BEMAT                                                 ;I;2;         ;12/1996;100.704;32.065;0;5.003;17.671;0;54.739;13.165;0;0;3.102;14.761;0;14.937;-26.008;-13.154;
109;VEGA                                                  ;C;3;         ;12/1996;50.345;197;0;679;25.185;0;26.061;4.289;0;0;0;3.558;0;16.436;20.086;1.289;
110;PARANA                                                ;I;3;2;12/1996;44.590;1.602;0;169;33.611;0;35.382;3.418;0;18;0;0;0;5.771;12.611;189;
111;BVA                                                   ;I;3;         ;12/1996;37.473;0;0;776;14.011;0;14.787;659;0;0;0;19.540;0;2.487;18.675;4.337;
112;PECUNIA                                               ;I;3;2;12/1996;34.182;441;0;45;25.315;0;25.802;0;0;3;386;0;0;7.992;16.597;1.286;
113;BGN                                                   ;I;3;         ;12/1996;27.929;779;0;0;23.260;0;24.040;0;0;0;1.933;0;0;1.956;17.638;548;
114;UNION                                                 ;I;4;         ;12/1996;15.750;269;0;0;4.710;0;4.980;367;0;0;589;4.524;0;5.291;29.143;-678;
115;MODAL                                                 ;I;3;2;12/1996;75.559;0;0;4.763;18.018;0;22.781;50.180;0;3;1;735;0;1.858;12.084;600;
116;FATOR                                                 ;C;3;         ;12/1996;24.921;0;0;2.001;4.575;0;6.576;5.511;0;0;0;92;0;12.742;18.572;2.097;
117;LUSO BRASILEIRO                                       ;I;3;         ;12/1996;25.219;908;0;0;18.001;0;18.909;2.083;0;42;1.627;1.632;0;927;14.264;668;
118;CRUZEIRO                                              ;I;3;2;12/1996;22.873;281;0;6;17.892;0;18.179;0;0;0;0;4.388;0;307;13.992;14;
119;CEDULA                                                ;I;3;         ;12/1996;15.808;509;0;0;11.755;0;12.264;0;0;348;0;0;0;3.196;20.949;2.161;
120;BANER                                                 ;I;2;         ;12/1996;32.843;17.479;0;0;144;0;17.623;6.401;0;10;116;6.559;0;2.134;3.517;-2.600;
121;RENNER                                                ;I;3;         ;12/1996;20.963;23;0;0;15.739;0;15.762;0;0;24;0;0;0;5.177;14.498;1.985;
122;SANTOS NEVES                                          ;I;3;2;12/1996;24.013;3.523;0;90;10.167;0;13.780;504;0;0;0;5.528;0;4.201;11.514;13;
123;INTERIOR                                              ;I;3;         ;12/1996;26.883;4.201;0;0;16.855;0;21.056;3.571;0;0;24;0;0;2.233;11.475;20;
124;EXTERIBANK                                            ;I;4;         ;12/1996;8.748;1;0;0;0;0;1;0;0;0;5.095;144;0;3.508;25.703;1.967;
125;GERDAU                                                ;I;3;2;12/1996;21.044;0;0;0;18.954;0;18.954;0;0;4;0;0;0;2.085;12.219;447;
126;EMPRESARIAL                                           ;I;3;2;12/1996;24.035;1.499;0;1.814;18.593;0;21.906;825;0;0;0;0;0;1.304;8.978;-1.989;
127;BANCNACION                                            ;I;4;         ;12/1996;18.545;1.058;0;0;4.259;0;5.317;0;0;0;0;11.856;0;1.373;13.411;-66;
128;MORADA                                                ;I;3;2;12/1996;15.953;0;0;4.965;6.946;0;11.910;0;1.861;0;0;0;0;2.181;15.779;540;
129;BCO.SICREDI                                           ;I;3;         ;12/1996;55.061;163;0;321;18.296;0;18.780;35.823;0;0;0;0;0;458;9.621;-380;
130;RIBEIRAO PRETO                                        ;I;3;         ;12/1996;15.669;34;0;1.311;11.754;0;13.099;1.158;0;1;0;0;0;1.411;13.109;-332;
131;MATONE                                                ;I;3;2;12/1996;20.112;1.267;0;2.002;14.987;0;18.256;33;0;0;0;0;0;1.824;8.310;527;
132;AGROINVEST                                            ;I;5;2;12/1996;19.138;0;0;102;16.440;0;16.542;0;0;0;0;2.348;0;247;9.034;432;
133;CLASSICO                                              ;I;3;         ;12/1996;5.701;2.134;0;0;326;0;2.460;0;0;0;1.171;0;0;2.071;22.423;1.516;
134;APLICAP                                               ;C;3;         ;12/1996;4.524.753;0;0;22;575;0;597;4.507.934;0;0;0;0;0;16.223;9.948;50;
135;BANAP                                                 ;I;2;         ;12/1996;29.216;15.541;0;5.000;979;0;21.520;1.950;0;1;256;0;0;5.489;-5.074;-11.925;
136;BNP                                                   ;I;4;         ;12/1996;6.856;0;0;0;0;0;0;0;0;0;0;0;0;6.856;15.587;587;
137;LA REPUBLICA                                          ;I;4;         ;12/1996;5.000;409;0;0;0;0;409;0;0;0;24;4.068;0;500;15.985;911;
138;PINE                                                  ;C;3;         ;12/1996;18.509;226;0;4.946;918;0;6.090;11.626;0;0;0;0;0;792;9.591;-346;
139;PREMIER                                               ;I;3;         ;12/1996;9.270;229;0;0;7.650;0;7.879;0;0;0;0;7;0;1.385;9.135;23;
140;INDUSCRED                                             ;I;3;2;12/1996;5.268;627;0;901;1.137;0;2.665;799;0;0;477;0;0;1.328;11.896;-1.726;
141;PLANIBANC                                             ;I;5;2;12/1996;3.208;1;0;2.014;162;0;2.177;0;0;0;0;0;0;1.031;10.603;563;
142;CAMBIAL                                               ;C;3;         ;12/1996;3.114;1;0;0;840;0;840;60;0;1;0;0;0;2.213;9.419;-196;
143;HISPANO                                               ;I;4;         ;12/1996;804;0;0;0;0;0;0;0;0;0;0;0;0;804;10.773;-3.871;
144;THECA                                                 ;I;3;2;12/1996;609;0;0;0;0;0;0;0;0;0;0;0;0;609;10.306;913;
145;BANCIONAL                                             ;I;3;2;12/1996;4.519;1.067;0;0;0;0;1.067;0;0;0;0;0;0;3.452;4.996;649;
Total 50 Maiores Bancos (Consolidado Bancario I)            ;;;;;;478.897.757;16.565.157;69.168.756;16.880.982;106.123.189;11.803.632;220.541.715;70.511.905;16.916.593;1.117.145;2.992.302;90.078.719;0;76.739.379;40.371.598;2.691.693;
% de Participacao 50 maiores Bancos (Consolidado Bancario I);;;;;;77,0%;90,0%;97,0%;76,0%;89,0%;97,0%;90,0%;60,0%;85,0%;64,0%;91,0%;69,0%;0,0%;73,0%;64,0%;79,0%;
Total demais Bancos (Consolidado Bancario I)                ;;;;;;27.854.944;792.120;557.889;977.735;4.884.442;239.619;7.451.814;11.858.972;450.684;23.759;128.529;4.961.003;0;2.980.191;3.160.398;-166.616;
Total Consolidado Bancario I ( 145  Instituicoes )          ;;;;;;506.752.701;17.357.277;69.726.645;17.858.717;111.007.631;12.043.251;227.993.529;82.370.877;17.367.277;1.140.904;3.120.831;95.039.722;0;79.719.570;43.531.996;2.525.077;
% de Participacao Consolidado Bancario I                    ;;;;;;82,0%;94,0%;98,0%;80,0%;93,0%;99,0%;94,0%;70,0%;87,0%;65,0%;95,0%;73,0%;0,0%;76,0%;69,0%;74,0%;
1;BNDES                                                 ;I;1;         ;12/1996;36.154.059;190.351;0;0;0;0;190.351;0;0;0;0;21.024.539;0;14.939.169;10.034.919;599.787;
2;NOROESTE                                              ;C;3;         ;12/1996;4.363.890;44.654;193.624;4.067;1.435.992;0;1.678.336;666.722;221.304;32;28.133;946.175;0;823.188;436.376;29.643;
3;CCF BRASIL                                            ;C;4;         ;12/1996;6.872.649;1.191;0;87.392;977.992;0;1.066.575;3.114.560;294.879;9.814;17.359;1.033.709;0;1.335.753;252.372;16.736;
4;ICATU                                                 ;I;3;2;12/1996;3.902.953;378;0;12.274;104.768;0;117.420;3.462.771;0;0;768;140.227;0;181.767;220.174;15.222;
5;BBI;C;3;         ;12/1996;3.125.261;373.538;0;15.259;579.609;0;968.406;689.422;80.758;1;12.942;814.979;0;558.753;313.873;48.952;
6;MULTIPLIC                                             ;C;5;         ;12/1996;2.185.936;1.850;0;111.526;822.432;0;935.808;273.570;147.405;8.453;1.950;271.988;0;546.762;381.934;25.647;
7;BCO GARANTIA INV                                           ;I;3;2;12/1996;3.288.966;0;0;279.756;77.992;0;357.748;1.436.936;423.741;0;0;268.490;0;802.051;272.038;38.874;
8;BISA-ITAMARATI                                        ;C;3;         ;12/1996;1.473.469;15.853;6.546;3.970;202.178;3;228.549;21.138;211.909;24.653;812;771.504;0;214.904;180.001;2.332;
9;FIAT;C;4;         ;12/1996;1.448.553;0;0;242.937;543.733;0;786.670;62.166;0;0;0;493.613;0;106.103;237.690;36.765;
10;BANCOCIDADE                                           ;C;3;         ;12/1996;1.743.192;9.869;0;8.656;754.731;98;773.353;365.457;3.324;275;39.326;432.970;0;128.487;164.747;11.875;
11;GENERAL MOTORS                                        ;I;4;2;12/1996;1.308.788;0;0;736.858;126.659;0;863.518;0;0;0;8.198;358.065;0;79.007;152.416;18.965;
12;INTER-ATLANTICO                                       ;C;5;         ;12/1996;1.646.652;11;0;39.377;312.387;0;351.776;559.078;149.568;0;33.039;446.545;0;106.647;108.213;15.356;
13;BRDE                                                  ;I;2;         ;12/1996;902.859;0;0;0;0;0;0;0;0;0;0;862.674;0;40.184;498.763;20.576;
14;AUTOLATINA                                            ;I;4;2;12/1996;1.107.295;0;0;610.713;0;0;610.713;0;0;398.684;0;0;0;97.897;112.571;37.675;
15;BDMG                                                  ;I;2;         ;12/1996;751.147;0;0;198.993;61.548;0;260.541;0;0;8.343;0;397.632;0;84.630;119.535;-19.577;
16;MULTI                                                 ;I;4;         ;12/1996;723.371;108;0;25.021;56.267;0;81.396;0;0;14;0;438.527;0;203.434;136.804;11.896;
17;FENICIA                                               ;C;3;         ;12/1996;633.737;610;0;41.701;468.474;0;510.785;52.473;0;0;262;36.681;0;33.536;81.384;3.100;
18;FORD                                                  ;I;4;2;12/1996;584.387;0;0;399.979;0;0;399.979;0;0;128.159;0;0;0;56.249;66.650;9.095;
19;DESENBANCO                                            ;I;2;         ;12/1996;497.010;730;0;0;0;0;730;0;0;0;0;363.810;0;132.470;51.718;-6.634;
20;FONTE                                                 ;I;3;2;12/1996;426.223;846;0;12.701;50.648;0;64.195;299.749;0;0;0;22.229;0;40.050;89.224;7.087;
21;BANQUEIROZ;C;3;         ;12/1996;421.943;4.964;4.268;24.524;162.328;12;196.097;54.799;0;0;2.270;40.449;0;128.329;84.610;13.802;
22;CINDAM                                                ;I;3;38413;06/1996;481.885;62;0;2.202;75.864;0;78.128;265.700;0;9.045;0;18.790;0;110.223;42.070;1.433;
23;MATRIX                                                ;C;3;         ;12/1996;369.662;44;0;11.045;62.112;0;73.201;133.528;0;0;55;109.333;0;53.545;96.294;7.312;
24;RENDIMENTO                                            ;C;3;         ;12/1996;336.244;2.425;0;0;135.255;0;137.680;68.358;0;0;0;80.975;0;49.232;45.821;1.357;
25;ARBI                                                  ;C;3;         ;12/1996;306.528;218;0;0;8.162;0;8.380;289.879;0;0;0;5.562;0;2.707;58.453;-5.301;
26;BADESC                                                ;I;2;         ;12/1996;244.898;0;0;0;0;0;0;0;0;0;0;241.396;0;3.502;89.390;2.179;
27;INDUSVAL                                              ;C;3;         ;12/1996;245.003;1.769;0;2.636;56.574;1;60.979;118.430;0;0;217;19.625;0;45.752;23.458;1.115;
28;VETOR                                                 ;C;3;         ;12/1996;222.558;11;0;65;4.438;0;4.514;186.975;0;0;0;0;0;31.069;40.111;4.425;
29;MARKA                                                 ;I;3;         ;12/1996;197.277;45;0;2.926;72.658;0;75.629;94.129;0;0;14.160;260;0;13.099;50.197;10.543;
30;PROGRESSO                                             ;I;3;2;12/1996;253.322;2.870;21.086;151.957;30.042;0;205.955;5.122;0;0;0;9.530;0;32.715;-12.998;-58.589;
31;PATENTE                                               ;C;3;         ;12/1996;1.563.143;134;0;2.666;28.328;0;31.128;1.519.503;0;25;290;2.093;0;10.105;36.555;-31;
32;BANDES                                                ;I;2;2;12/1996;201.378;8.768;0;0;26.001;0;34.769;0;0;0;0;115.370;0;51.239;35.369;-4.281;
33;BRJ                                                   ;I;3;         ;12/1996;185.678;0;0;0;1.363;0;1.363;0;1.237;0;0;173.130;0;9.948;16.242;458;
34;GULFINVEST                                            ;I;5;2;12/1996;118.561;120;0;5.735;79.672;0;85.528;17.010;0;0;4;1.852;0;14.166;72.671;-493;
35;TRANSBANCO                                            ;I;3;2;12/1996;158.392;0;0;10.454;22.779;0;33.234;0;0;0;0;108.444;0;16.714;10.445;-17.278;
36;BERON                                                 ;I;2;         ;12/1996;296.730;45.231;0;122.000;13.069;0;180.300;0;0;103;154;75.809;0;40.364;-139.525;-42.279;
37;LIBERAL;C;4;         ;12/1996;123.643;1.814;0;0;11.896;0;13.710;83.722;0;0;817;4.180;0;21.214;29.366;1.062;
38;EUROINVEST                                            ;I;5;2;12/1996;127.121;228;0;67.190;3.190;0;70.608;24.153;0;0;0;15.462;0;16.898;41.408;3.460;
39;GRAPHUS                                               ;C;3;         ;12/1996;99.038;4.750;0;551;3.958;0;9.260;48.019;0;0;0;3.399;0;38.360;39.426;4.674;
40;PATRIMONIO                                            ;I;3;         ;12/1996;91.556;0;0;0;21.428;0;21.428;11.990;0;0;0;0;0;58.138;39.517;6.767;
41;BANACRE                                               ;I;2;         ;12/1996;122.417;26.930;5.171;15.006;10.226;0;57.333;43.626;0;0;679;9.797;0;10.984;3.568;-2.958;
42;PORTO SEGURO                                          ;I;3;         ;12/1996;102.087;0;0;210;3.628;0;3.838;97.489;0;0;0;0;0;760;10.431;316;
43;EQUATORIAL                                            ;I;3;         ;12/1996;90.020;563;0;5.004;67.978;0;73.545;13.617;0;254;0;0;0;2.604;22.398;426;
44;BOREAL                                                ;I;3;2;12/1996;167.666;1;0;2.588;14.824;0;17.413;145.103;0;0;0;3.490;0;1.660;44.788;3.316;
45;AUGUSTA 251                                           ;I;3;2;12/1996;73.977;63;0;0;555;0;618;73.081;0;1;0;0;0;277;23.914;62;
46;OURINVEST                                             ;C;3;         ;12/1996;71.776;0;0;0;50.549;0;50.549;0;0;0;0;15.885;0;5.342;18.979;276;
47;HEXABANCO                                             ;I;3;         ;12/1996;69.857;509;0;0;66.277;0;66.786;0;0;0;0;0;0;3.071;14.873;-366;
48;BCR                                                   ;I;3;2;12/1996;72.867;2.288;0;1.501;57.626;0;61.415;5.203;0;0;273;200;0;5.777;13.026;-42;
49;TENDENCIA                                             ;I;3;2;12/1996;358.162;0;0;6.837;3.940;0;10.777;337.136;0;1;0;1.915;0;8.332;57.921;8.867;
50;MIL                                                   ;C;3;         ;12/1996;64.034;5.617;0;700;25.668;0;31.986;2.001;0;0;0;13.113;0;16.935;14.097;-781;
51;STOCK;C;3;         ;12/1996;1.758.924;136;0;0;8.918;0;9.055;1.712.381;0;66;0;0;0;37.422;18.102;1.350;
52;FITAL                                                 ;I;3;         ;12/1996;60.797;0;0;0;59.290;0;59.290;1.162;0;1;0;0;0;344;12.014;707;
53;SOCOPA                                                ;C;3;         ;12/1996;70.510;5.347;0;3.203;26.449;0;34.999;16.910;0;70;261;8.014;0;10.256;18.947;-76;
54;HNF                                                   ;I;3;2;12/1996;67.843;433;0;11.398;16.775;0;28.605;714;0;0;31;0;0;38.492;4.039;27.181;
55;BATTISTELLA                                           ;I;3;         ;12/1996;35.505;0;0;2.251;0;0;2.251;0;0;207;0;29.509;0;3.538;21.583;-7.037;
56;DIMENSAO                                              ;I;3;2;12/1996;21.139;2.183;0;2.472;0;72;4.727;8.617;0;4;170;145;0;7.476;32.998;-372;
57;PORTO REAL                                            ;I;3;         ;12/1996;37.217;6.310;4.446;2.261;19.422;0;32.439;0;0;0;2.229;0;0;2.549;15.329;-4.658;
58;INTERFINANCE                                          ;I;3;2;12/1996;43.372;2;0;100;26.601;0;26.704;13.630;0;0;0;0;0;3.038;11.029;-297;
59;IOCHPE                                                ;I;3;         ;12/1996;27.447;0;0;0;0;0;0;0;0;0;0;25.710;0;1.737;19.031;-179;
60;METROPOLITANO                                         ;I;5;         ;12/1996;29.552;1.624;0;0;13.765;0;15.389;0;0;0;0;2.231;0;11.932;14.334;-131;
61;INVESTOR                                              ;C;3;         ;12/1996;29.797;0;0;1.202;3.598;0;4.800;12.197;0;0;0;3.247;0;9.553;13.231;-1.067;
62;REPUBLIC NATION                                       ;I;4;         ;12/1996;2.583;0;0;0;0;0;0;0;0;0;0;0;0;2.583;38.506;2.425;
63;NACOES                                                ;I;3;         ;12/1996;33.192;1.510;0;0;18.051;0;19.561;4.972;0;0;61;7.520;0;1.078;11.359;723;
64;BCO MERCANTIL INVS                                            ;I;3;2;12/1996;7.568;0;0;0;0;0;0;0;0;1.110;0;466;0;5.992;26.925;-1.123;
65;EXPRINTER LOSAN                                       ;I;5;2;12/1996;20.069;0;0;0;8.779;0;8.779;0;0;0;0;0;0;11.291;13.684;-3.703;
66;EMBLEMA                                               ;I;3;2;12/1996;15.249;87;0;1.501;10.889;0;12.477;1.527;0;0;0;0;0;1.244;18.711;-186;
67;MAXI-DIVISA                                           ;I;3;         ;12/1996;14.770;0;0;1.134;3.031;0;4.165;7.247;0;0;0;0;0;3.358;14.286;-2.978;
68;TRICURY                                               ;I;3;         ;12/1996;13.153;0;0;0;11.838;0;11.838;0;0;0;0;0;0;1.315;11.807;574;
69;MALCON                                                ;I;3;2;12/1996;7.529;10;0;0;0;0;10;0;4.205;73;0;0;0;3.240;13.989;1.180;
70;FICRISA AXELRUD                                       ;I;3;         ;12/1996;9.323;561;0;0;4.468;0;5.029;0;132;0;0;76;0;4.086;11.496;301;
71;OPERADOR                                              ;I;3;2;12/1996;4.798;0;0;1.527;2.570;0;4.097;0;0;0;0;0;0;700;14.563;-227;
72;MISASI                                                ;C;3;         ;12/1996;9.147;0;0;0;7.729;0;7.729;0;0;0;0;0;0;1.419;9.346;265;
73;PRIME                                                 ;I;3;2;12/1996;10.782;0;0;8.542;467;0;9.009;1.253;0;0;0;7;0;513;8.782;-38;
74;FINANSINOS                                            ;I;3;2;12/1996;8.744;17;0;0;5.963;0;5.980;0;0;11;0;0;0;2.753;9.480;499;
75;TECNICORP                                             ;I;3;2;12/1996;9.376;378;0;1.109;5.927;0;7.415;549;0;0;0;0;0;1.412;8.532;286;
76;MAXINVEST                                             ;I;3;         ;12/1996;7.255;306;0;0;6.022;0;6.328;0;0;0;0;0;0;927;9.656;-8;
77;POTTENCIAL                                            ;I;3;         ;12/1996;10.558;12;0;0;4.222;0;4.234;2.103;0;0;0;3.002;0;1.217;8.408;-117;
78;INTERPART                                             ;I;3;         ;12/1996;2.864;198;0;100;1.264;0;1.562;370;0;10;0;0;0;922;13.336;1.541;
79;AMERICAN EXPRES                                       ;I;4;2;12/1996;1.579;0;0;0;0;0;0;0;0;0;0;0;0;1.579;11.848;783;
80;EXCEL BI                                                 ;I;4;2;12/1996;964;0;0;0;0;0;0;0;0;0;0;0;0;964;11.880;468;
81;STERLING                                              ;I;5;         ;12/1996;16.091;0;0;0;0;0;0;0;0;0;0;8.969;0;7.121;-3.401;361;
82;BANCRED                                               ;I;3;2;12/1996;2.868;656;0;120;1.344;0;2.120;0;0;4;0;0;0;744;9.277;47;
83;PERFORMANCE                                           ;I;3;         ;12/1996;1.422;0;0;0;116;0;116;170;0;0;0;0;0;1.135;9.022;580;
84;OK                                                    ;I;3;2;12/1996;4.270;0;0;0;0;0;0;0;0;0;0;0;0;4.270;5.269;-210;
85;CRITERIUM                                             ;I;3;         ;12/1996;89;0;0;0;0;0;0;0;0;0;0;0;0;89;2.736;-311;
86;BRASEG                                                ;I;5;2;12/1996;17;0;0;0;0;0;0;0;0;0;0;0;0;17;326;-48;
Total 5 Maiores Bancos (Consolidado Bancario II)            ;;;;;;54.418.812;610.112;193.624;118.992;3.098.361;0;4.021.088;7.933.475;596.941;9.847;59.202;23.959.629;0;17.838.630;11.257.714;710.340;
% de Participacao 5 maiores Bancos (Consolidado Bancario II);;;;;;9,0%;3,0%;0,0%;1,0%;3,0%;0,0%;2,0%;7,0%;3,0%;1,0%;2,0%;18,0%;0,0%;17,0%;18,0%;21,0%;
Total demais Bancos (Consolidado Bancario II)               ;;;;;;28.355.371;159.071;41.517;3.184.905;4.864.935;186;8.250.620;8.492.942;941.521;579.566;105.258;6.323.683;0;3.661.778;4.047.023;168.988;
Total Consolidado Bancario II ( 86  Instituicoes )          ;;;;;;82.774.183;769.183;235.141;3.303.897;7.963.296;186;12.271.708;16.426.417;1.538.462;589.413;164.460;30.283.312;0;21.500.408;15.304.737;879.328;
% de Participacao Consolidado Bancario II                   ;;;;;;13,0%;4,0%;0,0%;15,0%;7,0%;0,0%;5,0%;14,0%;8,0%;34,0%;5,0%;23,0%;0,0%;21,0%;24,0%;26,0%;
Total Consolidado Bancario III ( 958  Instituicoes )        ;;;;;;1.138.119;255.807;0;0;397.820;35.375;688.997;0;0;18.921;716;335.457;0;93.999;572.590;84.121;
% de Participacao Consolidado Bancario III                  ;;;;;;0,0%;1,0%;0,0%;0,0%;0,0%;0,0%;0,0%;0,0%;0,0%;1,0%;0,0%;0,0%;0,0%;0,0%;1,0%;2,0%;
Total Consolidado Nao Bancario ( 505  Instituicoes )        ;;;;;;29.513.779;53.003;1.243.043;1.074.515;349.239;38.386;2.758.187;18.578.056;961.183;3.578;141;4.080.639;0;3.132.001;3.250.712;-62.588;
% de Participacao Consolidado Nao Bancario                  ;;;;;;5,0%;0,0%;2,0%;5,0%;0,0%;0,0%;1,0%;16,0%;5,0%;0,0%;0,0%;3,0%;0,0%;3,0%;5,0%;-2,0%;
Total do Sistema Financeiro Nacional                        ;;;;;;620.178.782;18.435.270;71.204.829;22.237.129;119.717.986;12.117.198;243.712.421;117.375.350;19.866.922;1.752.816;3.286.148;129.739.130;0;104.445.978;62.660.035;3.425.958;
Fonte: Sisbacen
TD (Tipo de Documento): C - Conglomerado, I - Instituição Independente
TC (Tipo de Controle): 1 - Público Federal, 2 - Público Estadual, 3 - Privado Nacional, 4 - Privado Controle Estrangeiro, 5 - Privado Participação Estrangeira
Obs.: 1 - Excepcionalidades ao cumprimento de limites - Vide Relatório
      2 - Instituições líderes do conglomerado bancário não optante pela consolidação mensal de balancetes.
