50 Maiores Bancos e o Consolidado do Sistema Financeiro Nacional
RESULTADO DA INTERMEDIACAO FINANCEIRA
Data-base: Dezembro/1996;;;;;;;;;;;;;;Balancetes processados até: 22/12/2005

;;;;;;;;;;;;;;;Em R$ Mil
RESULTADO DA INTERMEDIACAO FINANCEIRA
Ranking;Instituições;TD;TC;Obs.;Data;Receitas de Intermediação Financeira;;;;;Despesas de Intermediação Financeira;;;;;Resultado
;;;;;Balancete;Operações de Créd.;Operações com Tít.;Operações com Instrum.;Operações de;Aplicações;Captações;Empréstimos;Arrendam.;Operações;Provisão;Bruto
;;;;;;e Arrend. Mercantil;Val. Mobiliários;Financ. Derivativos;Câmbio;Compulsórias;no Mercado;e Repasses;Mercantil;de Câmbio;para CL
1;CEF                                                   ;I;1;         ;12/1996;4.713.155;2.159.801;8.950;0;831.436;-3.898.431;-1.785.366;0;0;-552.188;1.477.357;
2;BB                                                    ;C;1;         ;12/1996;2.939.881;2.555.783;-124.127;170.665;174.823;-3.711.432;-887.262;-172.002;0;290.510;1.236.839;
3;BANESPA                                               ;C;2;         ;12/1996;3.976.378;3.564.355;-2.056;51.994;19.919;-3.650.874;-1.657.832;-32.474;0;-128.565;2.140.845;
4;BRADESCO                                              ;C;3;         ;12/1996;1.904.166;650.494;-17.408;190.316;108.030;-1.077.022;-447.024;-224.023;0;-169.881;917.648;
5;ITAU                                                  ;C;3;         ;12/1996;1.990.304;448.354;-15.379;245.958;92.504;-792.530;-383.279;-331.051;0;-393.061;861.820;
6;UNIBANCO                                              ;C;5;         ;12/1996;1.830.022;719.766;-43.214;293.521;35.220;-951.943;-445.725;-215.610;0;-251.418;970.619;
7;REAL;C;3;         ;12/1996;907.405;391.057;-4.792;98.906;31.502;-525.873;-179.337;-202.790;0;-54.927;461.151;
8;BAMERINDUS                                            ;C;3;         ;12/1996;961.811;341.345;-23.709;17.259;101.178;-778.832;-285.866;-105.754;0;-272.233;-44.801;
9;NOSSA CAIXA                                           ;I;2;         ;12/1996;862.016;401.558;-2.386;375;-233.278;-704.181;-8.083;0;0;-50.850;265.171;
10;BANRISUL                                              ;C;2;         ;12/1996;356.342;1.120.767;-464;7.701;38.667;-608.007;-659.195;-9.931;0;-33.872;212.008;
11;CREDIREAL                                             ;I;2;2;12/1996;93.591;25.998;-626;1.623;2.343;-105.806;-6.782;0;0;-19.448;-9.107;
12;SAFRA                                                 ;C;3;         ;12/1996;469.489;404.541;-116.102;5.583;6.030;-319.953;-158.690;-124.370;0;9.811;176.339;
13;CITIBANK                                              ;C;4;         ;12/1996;347.642;232.376;-31.941;2.836;-3.157;-111.747;-203.250;-26.474;0;-66.621;139.664;
14;BCN                                                   ;I;3;2;12/1996;414.764;336.726;9.132;31.363;12.383;-447.524;-131.088;-352;0;-70.489;154.915;
15;BANESTADO                                             ;C;2;         ;12/1996;900.017;65.851;-1.556;22.230;31.119;-378.670;-58.499;-133.404;0;-253.535;193.553;
16;SUDAMERIS                                             ;C;4;         ;12/1996;573.393;172.468;1.001;28.916;4.411;-312.594;-101.340;-93.881;0;-65.106;207.268;
17;BANKBOSTON                                            ;C;4;         ;12/1996;205.021;426.275;-20.996;66.298;834;-307.241;-132.353;-56.085;0;-5.948;175.805;
18;MERCANTIL SP                                          ;C;3;         ;12/1996;322.824;170.686;19.576;41.521;59.356;-299.421;-38.152;-110.271;0;-6.672;159.447;
19;BOAVISTA                                              ;C;3;         ;12/1996;242.146;294.492;-5.672;15.157;1.322;-363.663;-35.424;-26.531;0;-22.218;99.609;
20;BNB                                                   ;I;1;         ;12/1996;306.900;53.486;18;12.598;5.693;-118.393;-188.647;0;0;-140.964;-69.309;
21;BBA-CREDITANSTALT;I;5;2;12/1996;99.235;228.166;-19.457;9.738;3.430;-186.140;-88.177;0;0;190;46.985;
22;BOZANO,SIMONSEN                                       ;C;5;         ;12/1996;103.256;61.590;-7.158;26.963;0;-159.948;-50.608;-18.909;0;-49.846;-94.660;
23;BANDEIRANTES                                          ;C;3;         ;12/1996;497.082;193.020;-1.430;22.597;28.584;-348.578;-33.515;-79.946;0;-61.199;216.615;
24;BBV BANCO                                             ;I;4;2;12/1996;220.997;166.228;-2.724;24.060;6.506;-167.870;-90.818;0;0;12.011;168.390;
25;AMERICA DO SUL                                        ;I;5;2;12/1996;331.399;97.629;-1.154;23.267;29.344;-231.805;-70.412;0;0;-38.435;139.833;
26;ABN AMRO                                              ;C;4;         ;12/1996;449.953;72.264;-732;31.708;0;-94.492;-105.859;-49.858;0;-5.848;297.136;
27;LLOYDS                                                ;C;4;         ;12/1996;102.757;301.358;-12.516;2.750;171;-266.066;-80.481;-4.116;0;-16.231;27.626;
28;BEMGE                                                 ;C;2;         ;12/1996;168.140;114.011;-2;12.795;6.983;-165.691;-7.680;0;0;-82.806;45.750;
29;BMC                                                   ;C;3;         ;12/1996;143.054;61.873;-2.952;7.803;1.283;-100.781;-42.237;-12.898;0;-1.778;53.367;
30;BIC                                                   ;I;3;2;12/1996;145.420;89.522;-12.013;6.446;13.090;-149.767;-12.690;-824;0;-18.630;60.554;
31;MERIDIONAL                                            ;I;1;2;12/1996;211.706;52.336;-196;10.797;8.731;-142.079;-12.036;0;0;-47.674;81.585;
32;CHASE;C;4;         ;12/1996;26.901;305.517;-4.510;6.388;7.405;-184.582;-38.168;-2.175;0;2.441;119.217;
33;PONTUAL                                               ;C;3;         ;12/1996;184.741;92.506;1.345;7.291;1.845;-158.281;-29.360;-28.570;0;-8.073;63.444;
34;BANEB                                                 ;I;2;2;12/1996;183.821;67.908;8;979;12.839;-112.041;-47.572;0;0;-39.021;66.921;
35;BESC                                                  ;I;2;2;12/1996;157.179;106.539;-2.944;2.634;2.561;-130.133;-6.036;0;0;-57.925;71.875;
36;DIBENS                                                ;C;3;         ;12/1996;261.179;54.895;-2.422;1.276;894;-101.015;-37.699;-128.186;0;-6.455;42.467;
37;PACTUAL                                               ;I;3;2;12/1996;4.764;404.573;-50.259;8.816;0;-338.735;-9.552;0;0;0;19.607;
38;FIBRA                                                 ;I;3;2;12/1996;78.662;140.936;-8.402;1.540;988;-145.272;-26.429;0;0;-16.601;25.422;
39;BMB                                                   ;I;3;2;12/1996;117.271;52.813;-730;1.475;3.481;-86.412;-6.709;0;0;-9.248;71.941;
40;DEUTSCH                                               ;I;4;2;12/1996;64.397;22.156;123;27.799;486;-16.624;-67.836;0;0;-6.541;23.960;
41;CREDIBANCO                                            ;I;5;2;12/1996;89.408;37.497;-1.668;8.029;22;-28.393;-76.613;-2.043;0;-1.436;24.803;
42;RURAL                                                 ;C;3;         ;12/1996;154.714;41.224;1.800;2.162;1.350;-86.801;-3.757;-16.249;0;-7.794;86.649;
43;BMG                                                   ;C;3;         ;12/1996;215.360;40.626;-3.348;674;216;-74.638;-30.018;-81.850;0;-18.436;48.586;
44;BRB                                                   ;I;2;2;12/1996;117.231;33.069;-3;1.378;3.329;-54.792;-22.334;-979;0;-24.805;52.094;
45;JP MORGAN                                             ;C;4;         ;12/1996;14.171;73.187;53;2.193;1.788;-43.456;-14.156;0;0;257;34.037;
46;GERAL DO COMERCIO;C;3;         ;12/1996;122.319;31.216;-917;2.282;0;-75.123;-7.141;-14.794;0;-18.774;39.068;
47;BANESTES                                              ;I;2;2;12/1996;88.910;13.640;-70;1.224;8.694;-58.490;-6.474;0;0;-11.508;35.926;
48;BNL                                                   ;I;4;2;12/1996;38.296;24.024;487;8.341;0;-21.771;-26.924;-16;0;-4.206;18.231;
49;BASA                                                  ;I;1;         ;12/1996;51.128;29.001;-7;2.778;-9.176;-40.035;-15.955;0;0;-49.752;-32.018;
50;VOTORANTIM                                            ;C;3;         ;12/1996;34.470;174.074;-3.326;22;0;-170.315;-21.678;0;0;-489;12.758;
51;TOKYOMITSUBISHI                                       ;I;4;2;12/1996;19.251;44.787;-796;28.358;0;-21.093;-37.744;0;0;0;32.763;
52;BEC                                                   ;I;2;2;12/1996;131.830;13.539;-81;2.436;7.680;-46.127;-18.404;0;0;-48.851;42.022;
53;SUMITBANK                                             ;I;4;         ;12/1996;36.530;29.419;-458;13.384;0;-26.353;-28.913;0;0;-400;23.209;
54;SOGERAL;C;5;         ;12/1996;86.419;60.533;-8.675;6.730;0;-53.781;-39.275;-39.643;0;-1.794;10.514;
55;SANTOS                                                ;I;3;2;12/1996;33.685;45.768;-8.225;0;0;-55.426;-279;0;-314;-1.145;14.064;
56;BCN BARCLAYS                                          ;I;5;2;12/1996;44.068;77.726;-2.386;3.724;0;-59.344;-40.030;0;0;-1.154;22.604;
57;ING BANK                                              ;I;4;2;12/1996;26.014;100.387;4.517;8.228;0;-89.407;-25.536;0;0;0;24.203;
58;ROMA;C;5;         ;12/1996;31.766;39.372;-10.677;7.443;0;-32.452;-20.481;0;0;-1.511;13.460;
59;BEG                                                   ;I;2;2;12/1996;129.613;34.028;-14;880;564;-41.591;-327;0;0;-63.371;59.782;
60;DEUTSCHE                                              ;I;4;         ;12/1996;11.227;36.641;-371;22.661;0;-26.404;-23.631;0;0;440;20.563;
61;SUL AMERICA                                           ;C;5;         ;12/1996;8.135;112.250;-2.246;0;0;-106.285;-9.064;0;-170;-1.407;1.213;
62;BMD                                                   ;C;3;         ;12/1996;75.297;3.607;-7.787;2.966;87;-29.358;-2.460;-3.887;0;-32.479;5.986;
63;BANFORT                                               ;I;3;2;12/1996;49.412;28.429;-1.499;359;581;-49.280;-11.337;0;0;-20.735;-4.070;
64;BANDEPE                                               ;I;2;2;12/1996;46.594;24.582;-3.332;653;2.512;-43.328;-9.010;0;0;-40.471;-21.800;
65;FININVEST                                             ;I;5;2;12/1996;135.345;11.511;-497;0;965;-37.449;-3;0;-13;76;109.935;
66;OMEGA;C;3;         ;12/1996;8.995;42.936;-482;0;0;-43.180;-159;0;-604;-1.370;6.136;
67;INDUSTRIAL                                            ;I;3;2;12/1996;14.563;6.850;-3.786;147;0;-11.754;-2.245;0;0;-275;3.500;
68;AGF BRASEG                                            ;I;5;2;12/1996;14.639;41.111;-1.721;1.420;0;-36.024;-14.000;0;0;-44;5.381;
69;BEAL                                                  ;I;4;2;12/1996;17.829;60.954;-1.664;5.541;0;-49.514;-19.510;0;0;-1.601;12.035;
70;BEA                                                   ;I;2;         ;12/1996;40.878;7.260;0;149;795;-10.271;-2.941;0;0;-3.058;32.812;
71;BCO GARANTIA                                              ;I;3;2;12/1996;1.200;13.796;0;0;0;-1.077;0;0;0;0;13.919;
72;PANAMERICANO                                          ;I;3;2;12/1996;75.299;6.120;-43;0;0;-23.678;-901;0;-88;-10.241;46.468;
73;SRL                                                   ;I;5;         ;12/1996;6.764;34.526;-3.804;1.196;0;-22.902;-663;0;0;-3.882;11.235;
74;BANSANDER                                             ;I;4;         ;12/1996;396;33.793;-6.306;87;0;-20.843;-1.514;0;0;0;5.613;
75;CACIQUE                                               ;I;3;         ;12/1996;77.006;15.371;-9.239;0;0;-8.676;-3.998;0;-1.505;-15.378;53.581;
76;SOFISA                                                ;C;3;         ;12/1996;35.421;8.548;-1.092;162;334;-20.712;-2.365;-1.458;0;-3.558;15.280;
77;BANPARA                                               ;I;2;2;12/1996;31.956;6.743;8;360;1.232;-16.242;-4.092;0;0;-1.964;18.001;
78;CREDITO SP                                            ;I;3;2;12/1996;48.655;8.575;-70;0;307;-13.183;-1.544;0;-421;-6.113;36.206;
79;SCHAHIN                                               ;C;3;         ;12/1996;19.244;7.573;-471;239;0;-8.663;-6.865;-421;0;-2.381;8.255;
80;BEM                                                   ;I;2;2;12/1996;23.732;2.499;-2;5;624;-13.314;-1.871;0;0;-8.037;3.636;
81;BANESE                                                ;I;2;         ;12/1996;17.052;2.913;-36;0;2.007;-9.469;-863;0;0;-4.671;6.933;
82;BBC                                                   ;C;3;         ;12/1996;32.708;5.728;-62;899;181;-17.287;-1.062;-2.481;0;-874;17.750;
83;RAIBOBANK                                             ;I;4;         ;12/1996;1.005;3.777;3;4.450;0;-113;-4.700;0;0;0;4.422;
84;PEBB                                                  ;C;3;         ;12/1996;0;45.512;-4.281;0;0;-43.410;0;0;0;46;-2.133;
85;INVESTCRED                                            ;I;3;2;12/1996;136.725;3.402;-438;0;636;-35.094;0;0;0;-1.097;104.134;
86;FINANCIAL                                             ;I;4;         ;12/1996;3.296;3.373;3;4.333;0;-1.831;-3.416;0;0;46;5.804;
87;DESTAK                                                ;I;3;2;12/1996;1.454;232.169;-102;0;0;-232.760;0;0;0;11;772;
88;PRIMUS;C;3;         ;12/1996;1;3.064;-540;39;0;-2.971;0;0;0;0;-407;
89;PORTUGUES                                             ;I;4;         ;12/1996;3.923;4.719;-7;7.499;0;-736;-7.508;0;0;0;7.890;
90;TRIANGULO                                             ;I;3;         ;12/1996;37.011;1.403;2;0;0;-10.714;0;0;0;-209;27.493;
91;LA PROVINCIA                                          ;I;4;         ;12/1996;829;2.293;0;5.227;0;-261;-4.707;0;0;-896;2.485;
92;PARAIBAN                                              ;I;2;         ;12/1996;2.124;11.219;0;0;-210;-1.017;-116;0;0;4;12.004;
93;DAYCOVAL                                              ;I;3;2;12/1996;15.797;2.370;-872;183;34;-4.986;-1.023;0;0;1.021;12.524;
94;PROSPER                                               ;C;3;         ;12/1996;3.575;15.134;-268;54;0;-10.453;-81;0;0;-1.499;6.462;
95;CREDIBEL                                              ;I;3;         ;12/1996;20.829;5.022;340;0;48;-8.341;-174;0;-46;-4.827;12.851;
96;BRASCAN                                               ;C;5;         ;12/1996;2.390;9.072;-474;0;0;-5.998;-75;0;-378;-177;4.360;
97;LAVRA                                                 ;I;3;2;12/1996;13.006;1.308;-81;766;0;-5.063;-1.839;0;0;-1.987;6.110;
98;ARAUCARIA                                             ;I;3;2;12/1996;4.278;2.272;-56;4.278;0;-3.256;-605;0;0;-279;6.632;
99;GUANABARA                                             ;I;3;         ;12/1996;14.052;2.145;72;0;0;-2.739;-4.754;-2.255;0;1.141;7.662;
100;INTERCAP                                              ;I;3;2;12/1996;13.985;4.051;-65;0;119;-8.160;0;0;0;-771;9.159;
101;BEPI                                                  ;I;2;         ;12/1996;8.456;-2.144;0;0;197;-1.726;-114;0;0;-1.229;3.440;
102;OPPORTUNITY                                           ;I;3;         ;12/1996;0;10.720;-2.809;0;0;-7.402;0;0;0;0;509;
103;FICSA                                                 ;I;3;2;12/1996;30.680;2.776;-400;0;2;-4.217;0;0;0;-7.324;21.517;
104;DBLABM                                                ;I;4;2;12/1996;496;1.370;-50;0;-217;-471;-68;0;0;-384;676;
105;VR                                                    ;C;3;         ;12/1996;5.018;4.333;99;11;0;-4.682;-97;0;0;-21;4.661;
106;PRODUBAN                                              ;I;2;         ;12/1996;10.505;202;0;0;-6.472;-7.255;-13.685;0;-38;-34.647;-51.390;
107;MAPPIN                                                ;I;3;2;12/1996;3.371;5.011;0;0;0;-3.362;0;0;0;-595;4.425;
108;BEMAT                                                 ;I;2;         ;12/1996;9.103;-835;0;8;18;-3.587;-1.152;-402;0;-1.529;1.624;
109;VEGA                                                  ;C;3;         ;12/1996;9.872;298;-74;0;0;-3.562;-289;0;0;-577;5.668;
110;PARANA                                                ;I;3;2;12/1996;5.023;2.004;-235;0;0;-3.664;0;0;0;-1.952;1.176;
111;BVA                                                   ;I;3;         ;12/1996;5.719;6.681;-131;0;0;-8.630;-686;0;0;-80;2.873;
112;PECUNIA                                               ;I;3;2;12/1996;16.922;718;-4;0;0;-1.972;0;0;0;-4.375;11.289;
113;BGN                                                   ;I;3;         ;12/1996;3.686;725;-17;0;0;-1.292;0;0;0;51;3.153;
114;UNION                                                 ;I;4;         ;12/1996;1.157;222;-60;218;0;-516;-487;0;0;1.721;2.255;
115;MODAL                                                 ;I;3;2;12/1996;1.047;11.029;3.007;0;0;-12.204;-1;0;0;0;2.878;
116;FATOR                                                 ;C;3;         ;12/1996;30;2.889;-75;0;0;-1.279;0;0;0;0;1.565;
117;LUSO BRASILEIRO                                       ;I;3;         ;12/1996;5.656;834;-164;0;0;-2.153;-194;0;0;-1.163;2.816;
118;CRUZEIRO                                              ;I;3;2;12/1996;2.926;23;564;0;0;-1.521;-46;0;0;-1.084;862;
119;CEDULA                                                ;I;3;         ;12/1996;6.684;436;0;0;0;-1.660;0;0;0;27;5.487;
120;BANER                                                 ;I;2;         ;12/1996;1.702;705;0;0;81;-184;-364;0;0;-122;1.818;
121;RENNER                                                ;I;3;         ;12/1996;7.703;913;0;0;0;-1.493;0;0;0;-57;7.066;
122;SANTOS NEVES                                          ;I;3;2;12/1996;3.072;-50;1;1;0;-808;-97;0;0;-123;1.996;
123;INTERIOR                                              ;I;3;         ;12/1996;8.976;824;0;0;0;-2.152;0;0;0;-4.699;2.949;
124;EXTERIBANK                                            ;I;4;         ;12/1996;244;2.753;0;135;0;-1;-12;0;0;0;3.119;
125;GERDAU                                                ;I;3;2;12/1996;4.521;228;-6;0;0;-1.828;0;0;0;-35;2.880;
126;EMPRESARIAL                                           ;I;3;2;12/1996;3.208;271;0;0;0;-2.184;0;0;0;5;1.300;
127;BANCNACION                                            ;I;4;         ;12/1996;962;968;0;423;0;-372;0;0;0;-158;1.823;
128;MORADA                                                ;I;3;2;12/1996;5.507;641;-3;0;57;-1.441;-93;0;0;-40;4.628;
129;BCO.SICREDI                                           ;I;3;         ;12/1996;58;5.717;0;0;0;-4.824;0;0;0;0;951;
130;RIBEIRAO PRETO                                        ;I;3;         ;12/1996;3.399;291;37;0;0;-1.402;0;0;0;-398;1.927;
131;MATONE                                                ;I;3;2;12/1996;2.757;1.137;0;0;0;-1.652;0;0;0;-107;2.135;
132;AGROINVEST                                            ;I;5;2;12/1996;995;3.234;0;0;0;-3.045;-200;0;0;-133;851;
133;CLASSICO                                              ;I;3;         ;12/1996;143;2.382;0;0;0;-180;0;0;0;0;2.345;
134;APLICAP                                               ;C;3;         ;12/1996;1;473.581;-198;0;0;-472.612;0;0;0;0;772;
135;BANAP                                                 ;I;2;         ;12/1996;2.315;428;0;0;0;-524;-4;0;0;-9.066;-6.851;
136;BNP                                                   ;I;4;         ;12/1996;0;1.567;0;0;0;0;0;0;0;0;1.567;
137;LA REPUBLICA                                          ;I;4;         ;12/1996;3.669;45;0;1.104;0;-1;-157;0;0;-2.698;1.962;
138;PINE                                                  ;C;3;         ;12/1996;1.495;5.719;-841;0;0;-6.418;0;0;0;11;-34;
139;PREMIER                                               ;I;3;         ;12/1996;2.784;760;-2;0;0;-1.501;0;0;0;-486;1.555;
140;INDUSCRED                                             ;I;3;2;12/1996;2.619;462;0;0;0;-344;0;0;0;-2.282;455;
141;PLANIBANC                                             ;I;5;2;12/1996;0;1.486;1;0;0;-315;0;0;0;0;1.172;
142;CAMBIAL                                               ;C;3;         ;12/1996;137;1.095;-20;0;0;-433;0;0;0;0;779;
143;HISPANO                                               ;I;4;         ;12/1996;1.601;268;0;2.002;0;-795;-2.504;0;0;-2;570;
144;THECA                                                 ;I;3;2;12/1996;0;56;0;0;0;0;0;0;0;0;56;
145;BANCIONAL                                             ;I;3;2;12/1996;805;431;0;0;0;-1;0;0;0;-173;1.062;
Total 50 Maiores Bancos (Consolidado Bancario I)            ;;;;;;28.795.188;17.719.577;-506.875;1.571.025;1.455.179;-23.404.263;-8.882.118;-2.306.416;0;-2.846.287;11.595.010;
% de Participacao 50 maiores Bancos (Consolidado Bancario I);;;;;;78,0%;71,0%;67,0%;87,0%;91,0%;75,0%;76,0%;71,0%;0,0%;86,0%;79,0%;
Total demais Bancos (Consolidado Bancario I)                ;;;;;;1.790.827;1.873.384;-79.441;138.758;12.162;-1.998.035;-380.335;-50.547;-3.577;-359.446;943.750;
Total Consolidado Bancario I ( 145  Instituicoes )          ;;;;;;30.586.015;19.592.961;-586.316;1.709.783;1.467.341;-25.402.298;-9.262.453;-2.356.963;-3.577;-3.205.733;12.538.760;
% de Participacao Consolidado Bancario I                    ;;;;;;83,0%;79,0%;78,0%;95,0%;92,0%;81,0%;79,0%;72,0%;58,0%;97,0%;85,0%;
1;BNDES                                                 ;I;1;         ;12/1996;1.564.011;-432.184;76;58;0;-69.995;-1.179.493;0;0;429.108;311.581;
2;NOROESTE                                              ;C;3;         ;12/1996;423.643;124.467;-16.066;14.265;18.103;-196.205;-62.713;-44.902;0;-65.775;194.817;
3;CCF BRASIL                                            ;C;4;         ;12/1996;80.956;521.308;-49.624;19.189;8;-403.441;-60.512;-32.848;0;-3.171;71.865;
4;ICATU                                                 ;I;3;2;12/1996;1.928;258.508;1.240;511;0;-246.969;-12.665;0;0;-212;2.341;
5;BBI;C;3;         ;12/1996;63.930;168.416;-5.545;2.180;0;-125.780;-39.403;0;0;-2.796;61.002;
6;MULTIPLIC                                             ;C;5;         ;12/1996;280.448;100.574;-8.385;5.024;467;-131.410;-26.572;-14.492;0;-55.404;150.250;
7;BCO GARANTIA INV                                           ;I;3;2;12/1996;61.535;219.155;-6.344;0;0;-241.443;-7.538;0;-1.615;0;23.750;
8;BISA-ITAMARATI                                        ;C;3;         ;12/1996;142.673;51.032;-5.128;11.375;80;-37.566;-60.942;-35.761;0;-35.788;29.975;
9;FIAT;C;4;         ;12/1996;219.996;27.205;0;0;7.730;-64.595;-77.933;-13.150;0;-23.795;75.458;
10;BANCOCIDADE                                           ;C;3;         ;12/1996;157.327;143.702;-4.000;8.438;1.170;-174.006;-36.982;-27.241;0;-10.494;57.914;
11;GENERAL MOTORS                                        ;I;4;2;12/1996;221.956;5.176;9;2;0;-61.949;-77.372;0;0;-17.838;69.984;
12;INTER-ATLANTICO                                       ;C;5;         ;12/1996;55.440;107.367;-40.542;7.591;0;-81.092;-22.349;-3.088;0;-581;22.746;
13;BRDE                                                  ;I;2;         ;12/1996;102.726;22.404;60;0;0;0;-60.412;-313;0;-13.000;51.465;
14;AUTOLATINA                                            ;I;4;2;12/1996;217.545;556;0;0;0;-43.259;-66.682;0;0;-14.261;93.899;
15;BDMG                                                  ;I;2;         ;12/1996;40.158;18.114;0;0;95;-28.758;-35.099;-233;0;-14.918;-20.641;
16;MULTI                                                 ;I;4;         ;12/1996;4.190;54.479;-743;6.388;107;-7.053;-29.872;0;0;-762;26.734;
17;FENICIA                                               ;C;3;         ;12/1996;125.841;31.565;-3.626;277;-2;-60.417;-2.389;-223;0;-5.076;85.950;
18;FORD                                                  ;I;4;2;12/1996;99.721;1.246;0;0;0;-38.991;-26.599;0;0;-1.797;33.580;
19;DESENBANCO                                            ;I;2;         ;12/1996;39.322;-287;0;0;0;-34;-28.462;0;0;-11.963;-1.424;
20;FONTE                                                 ;I;3;2;12/1996;1.069;286.721;3.030;2.455;0;-283.867;-688;0;0;-195;8.525;
21;BANQUEIROZ;C;3;         ;12/1996;50.705;8.673;-3.246;681;473;-20.085;-2.523;-640;0;11.631;45.669;
22;CINDAM                                                ;I;3;38413;06/1996;579;14.125;-2.031;1.021;64;-12.815;-165;0;0;0;778;
23;MATRIX                                                ;C;3;         ;12/1996;0;109.410;-9.715;0;0;-93.183;-8.745;0;-90;0;-2.323;
24;RENDIMENTO                                            ;C;3;         ;12/1996;15.881;30.664;2.715;2.522;226;-34.678;-3.709;0;0;-2.195;11.426;
25;ARBI                                                  ;C;3;         ;12/1996;4.429;31.029;-189;17;0;-32.578;-3.859;0;0;-3.069;-4.220;
26;BADESC                                                ;I;2;         ;12/1996;28.881;2.155;0;0;0;0;-22.550;0;0;1.645;10.131;
27;INDUSVAL                                              ;C;3;         ;12/1996;14.735;13.616;-363;291;83;-17.790;-1.148;0;0;-3.822;5.602;
28;VETOR                                                 ;C;3;         ;12/1996;119;25.267;-6.076;0;0;-14.111;0;0;0;0;5.199;
29;MARKA                                                 ;I;3;         ;12/1996;2.756;21.135;-38;19;0;-25.650;-60;0;0;-426;-2.264;
30;PROGRESSO                                             ;I;3;2;12/1996;17.204;2.604;-14;645;-38;-25.410;-3.927;0;0;-27.196;-36.132;
31;PATENTE                                               ;C;3;         ;12/1996;810;201.711;-361;0;0;-200.058;-83;0;-126;-41;1.852;
32;BANDES                                                ;I;2;2;12/1996;15.149;7.741;0;0;0;-1.390;-9.273;0;0;-9.737;2.490;
33;BRJ                                                   ;I;3;         ;12/1996;16.350;487;-16;0;3.999;-257;-14.448;0;-19;-27;6.069;
34;GULFINVEST                                            ;I;5;2;12/1996;2.237;18.887;1.350;0;181;-10.874;-61;0;-194;-2.893;8.633;
35;TRANSBANCO                                            ;I;3;2;12/1996;19.929;679;0;0;0;-4.926;-10.979;0;0;-29.701;-24.998;
36;BERON                                                 ;I;2;         ;12/1996;25.041;3.269;0;2;0;-23.627;-9.473;0;0;-7.241;-12.029;
37;LIBERAL;C;4;         ;12/1996;33;10.721;-2.293;490;0;-8.996;-332;0;0;-9;-386;
38;EUROINVEST                                            ;I;5;2;12/1996;1.371;3.918;0;0;0;-5.112;-3.168;0;0;8;-2.983;
39;GRAPHUS                                               ;C;3;         ;12/1996;1.204;8.293;-435;0;0;-6.005;-373;0;-142;-316;2.226;
40;PATRIMONIO                                            ;I;3;         ;12/1996;0;6.331;-24;0;0;-3.029;-1.557;0;-44;0;1.677;
41;BANACRE                                               ;I;2;         ;12/1996;10.203;10.410;0;0;89;-14.337;-393;0;0;94;6.066;
42;PORTO SEGURO                                          ;I;3;         ;12/1996;9;5.640;0;0;0;-4.648;0;0;0;0;1.001;
43;EQUATORIAL                                            ;I;3;         ;12/1996;4.610;6.936;-158;0;0;-6.985;0;0;0;-35;4.368;
44;BOREAL                                                ;I;3;2;12/1996;42;21.391;13.654;382;0;-31.381;-297;0;0;0;3.791;
45;AUGUSTA 251                                           ;I;3;2;12/1996;16;1.072;0;0;0;-56;0;0;0;0;1.032;
46;OURINVEST                                             ;C;3;         ;12/1996;783;8.365;1.299;0;83;-5.971;-628;0;-334;0;3.597;
47;HEXABANCO                                             ;I;3;         ;12/1996;9.383;1.582;560;0;1.065;-6.859;0;0;0;-1.435;4.296;
48;BCR                                                   ;I;3;2;12/1996;12.440;2.331;467;0;6;-6.306;-24;0;0;-2.773;6.141;
49;TENDENCIA                                             ;I;3;2;12/1996;398;10.495;2.359;100;0;-5.758;-104;0;0;0;7.490;
50;MIL                                                   ;C;3;         ;12/1996;11.818;98;-105;587;0;-2.590;-673;-52;0;-1.527;7.556;
51;STOCK;C;3;         ;12/1996;487;207.080;-118;0;0;-206.232;0;0;0;0;1.217;
52;FITAL                                                 ;I;3;         ;12/1996;0;6.862;-899;0;0;-4.716;0;0;0;0;1.247;
53;SOCOPA                                                ;C;3;         ;12/1996;5.595;36.775;44;1.327;0;-37.404;-591;0;0;-317;5.429;
54;HNF                                                   ;I;3;2;12/1996;10.795;134;-32;0;0;-3.202;0;0;0;18.303;25.998;
55;BATTISTELLA                                           ;I;3;         ;12/1996;4.466;16;0;0;0;-342;-1.645;0;0;-2.017;478;
56;DIMENSAO                                              ;I;3;2;12/1996;870;-719;-1.599;54;0;-1.774;-31;0;0;-507;-3.706;
57;PORTO REAL                                            ;I;3;         ;12/1996;6.509;657;22;0;115;-2.746;0;0;0;-3.833;724;
58;INTERFINANCE                                          ;I;3;2;12/1996;7.837;3.403;-336;0;0;-5.423;0;0;0;-1.248;4.233;
59;IOCHPE                                                ;I;3;         ;12/1996;2.194;574;0;0;0;-70;-1.842;0;0;831;1.687;
60;METROPOLITANO                                         ;I;5;         ;12/1996;2.732;788;0;0;0;-1.611;-198;0;0;-369;1.342;
61;INVESTOR                                              ;C;3;         ;12/1996;1.219;28.650;-3.889;0;0;-25.807;-707;0;0;-664;-1.198;
62;REPUBLIC NATION                                       ;I;4;         ;12/1996;13;4.138;0;0;0;0;0;-13;0;0;4.138;
63;NACOES                                                ;I;3;         ;12/1996;4.407;1.524;3;0;0;-2.455;-647;0;0;242;3.074;
64;BCO MERCANTIL INVS                                            ;I;3;2;12/1996;3.190;561;0;0;0;-3;-205;0;0;-3.704;-161;
65;EXPRINTER LOSAN                                       ;I;5;2;12/1996;0;2.067;-3.448;0;0;-721;0;0;0;0;-2.102;
66;EMBLEMA                                               ;I;3;2;12/1996;969;2.799;-6;0;0;-811;0;0;0;-350;2.601;
67;MAXI-DIVISA                                           ;I;3;         ;12/1996;137;4.264;-1.576;0;0;-4.084;0;0;0;-92;-1.351;
68;TRICURY                                               ;I;3;         ;12/1996;4.274;1.083;-113;0;0;-1.201;0;0;0;-700;3.343;
69;MALCON                                                ;I;3;2;12/1996;3.506;546;0;0;0;-409;0;0;0;-141;3.502;
70;FICRISA AXELRUD                                       ;I;3;         ;12/1996;2.673;1.072;0;0;0;-521;-5;0;0;3;3.222;
71;OPERADOR                                              ;I;3;2;12/1996;1.497;118;0;0;0;-133;0;0;0;-2.501;-1.019;
72;MISASI                                                ;C;3;         ;12/1996;1.528;592;0;0;0;-1.004;0;0;0;0;1.116;
73;PRIME                                                 ;I;3;2;12/1996;3;535;-23;0;0;-509;-2;0;0;0;4;
74;FINANSINOS                                            ;I;3;2;12/1996;2.908;462;0;0;0;-627;0;0;0;-398;2.345;
75;TECNICORP                                             ;I;3;2;12/1996;2.635;135;-58;0;0;-802;0;0;0;-533;1.377;
76;MAXINVEST                                             ;I;3;         ;12/1996;1.984;266;0;0;0;-515;0;0;0;-47;1.688;
77;POTTENCIAL                                            ;I;3;         ;12/1996;1.768;295;-1;0;0;-386;-217;0;0;365;1.824;
78;INTERPART                                             ;I;3;         ;12/1996;930;1.882;51;0;0;-567;0;0;0;0;2.296;
79;AMERICAN EXPRES                                       ;I;4;2;12/1996;814;568;-6;0;0;0;0;0;0;0;1.376;
80;EXCEL BI                                                 ;I;4;2;12/1996;0;1.295;0;0;0;0;0;0;0;0;1.295;
81;STERLING                                              ;I;5;         ;12/1996;181;21;0;0;0;-371;0;0;0;832;663;
82;BANCRED                                               ;I;3;2;12/1996;232;65;0;0;0;-205;0;0;0;-635;-543;
83;PERFORMANCE                                           ;I;3;         ;12/1996;44;15.327;-44;0;0;-14.928;0;0;0;0;399;
84;OK                                                    ;I;3;2;12/1996;1.216;206;0;0;0;0;0;0;0;-324;1.098;
85;CRITERIUM                                             ;I;3;         ;12/1996;0;126;0;0;0;0;0;0;0;0;126;
86;BRASEG                                                ;I;5;2;12/1996;0;36;0;0;0;0;0;0;0;0;36;
Total 5 Maiores Bancos (Consolidado Bancario II)            ;;;;;;2.134.468;640.515;-69.919;36.203;18.111;-1.042.390;-1.354.786;-77.750;0;357.154;641.606;
% de Participacao 5 maiores Bancos (Consolidado Bancario II);;;;;;6,0%;3,0%;9,0%;2,0%;1,0%;3,0%;12,0%;2,0%;0,0%;-11,0%;4,0%;
Total demais Bancos (Consolidado Bancario II)               ;;;;;;2.114.675;1.982.247;-80.357;49.688;15.993;-2.199.484;-664.533;-95.206;-2.564;-282.741;837.718;
Total Consolidado Bancario II ( 86  Instituicoes )          ;;;;;;4.249.143;2.622.762;-150.276;85.891;34.104;-3.241.874;-2.019.319;-172.956;-2.564;74.413;1.479.324;
% de Participacao Consolidado Bancario II                   ;;;;;;12,0%;11,0%;20,0%;5,0%;2,0%;10,0%;17,0%;5,0%;41,0%;-2,0%;10,0%;
Total Consolidado Bancario III ( 958  Instituicoes )        ;;;;;;208.332;27.633;0;0;1.097;-46.492;-36.025;0;0;-393;154.152;
% de Participacao Consolidado Bancario III                  ;;;;;;1,0%;0,0%;0,0%;0,0%;0,0%;0,0%;0,0%;0,0%;0,0%;0,0%;1,0%;
Total Consolidado Nao Bancario ( 505  Instituicoes )        ;;;;;;1.718.559;2.549.152;-17.435;1.672;88.963;-2.563.874;-379.515;-723.384;-53;-177.333;496.752;
% de Participacao Consolidado Nao Bancario                  ;;;;;;5,0%;10,0%;2,0%;0,0%;6,0%;8,0%;3,0%;22,0%;1,0%;5,0%;3,0%;
Total do Sistema Financeiro Nacional                        ;;;;;;36.762.049;24.792.508;-754.027;1.797.346;1.591.505;-31.254.538;-11.697.312;-3.253.303;-6.194;-3.309.046;14.668.988;
Fonte: Sisbacen
TD (Tipo de Documento): C - Conglomerado, I - Instituição Independente
TC (Tipo de Controle): 1 - Público Federal, 2 - Público Estadual, 3 - Privado Nacional, 4 - Privado Controle Estrangeiro, 5 - Privado Participação Estrangeira
Obs.: 1 - Excepcionalidades ao cumprimento de limites - Vide Relatório
      2 - Instituições líderes do conglomerado bancário não optante pela consolidação mensal de balancetes.
