50 Maiores Bancos e o Consolidado do Sistema Financeiro Nacional
ATIVOS
Data-base: Dezembro/1994;;;;;;;;;;;;;;;Balancetes processados até: 31/08/2005

;;;;;;;;;;;;;;;;Em R$ Mil
ATIVOS
Ranking;Instituições;TD;TC;Obs.;Data;Ativo;Disponibilidades;Aplicações;TVM e Instrumentos;Relações;Relações;Oper. Créd. e Arrend. Mercantil;;Outros;Outros;Imobilizado de;Permanente
;;;;;Balancete;Total;;Interfinanceiras;Financeiros Derivativos;Interfinanceiras;Interdependências;Total;Provisão p/ CL;Créditos;Valores e Bens;Arrendamento;(*)
1   ;BB                                                    ;I;1  ;2        ;12/1994;64.609.935;4.021.626;7.862.192;4.752.401;3.413.166;233.703;28.889.869;-159.667;7.849.548;85.401;0;7.661.696;
2   ;CEF                                                   ;I;1  ;         ;12/1994;52.941.657;50.391;1.255.144;6.813.430;6.332.199;349.911;29.549.888;-123.441;3.251.572;1.507.440;0;3.955.123;
3   ;BANESPA                                               ;I;2  ;2        ;12/1994;25.935.301;741.275;1.656.050;9.214.586;488.992;7.955;11.909.867;-208.008;690.565;57.379;4.953;1.371.686;
4   ;BRADESCO                                              ;I;3  ;2        ;12/1994;18.341.244;575.989;720.790;1.529.760;3.285.616;11.491;7.474.975;-161.309;1.565.076;14.135;25.269;3.263.737;
5   ;ITAU                                                  ;I;3  ;2        ;12/1994;13.763.029;997.284;1.009.863;735.044;2.371.553;6.633;5.212.803;-37.857;1.043.898;31.446;0;2.374.015;
6   ;BAMERINDUS                                            ;I;3  ;2        ;12/1994;11.849.654;210.231;1.167.932;1.131.055;1.710.622;3.124;5.125.593;-8.834;1.272.931;32.812;57.757;1.146.422;
7   ;UNIBANCO                                              ;I;5  ;2        ;12/1994;10.134.063;625.221;903.672;1.423.836;782.527;4.666;4.475.333;-73.163;1.006.896;14.266;15.240;952.247;
8   ;SAFRA                                                 ;I;3  ;2        ;12/1994;6.018.190;49.304;1.295.341;1.436.242;199.789;1.108;1.985.997;-46.168;813.400;4.111;0;279.067;
9   ;NOSSA CAIXA                                           ;I;2  ;         ;12/1994;5.919.110;8.174;29.432;1.095.405;731.144;3.254;3.622.321;-8.671;217.609;18.337;57;202.042;
10  ;REAL                                                  ;I;3  ;2        ;12/1994;5.880.992;136.166;767.088;1.203.020;411.354;53.233;1.579.462;-13.443;1.242.952;9.326;0;491.832;
11  ;BCN                                                   ;I;3  ;2        ;12/1994;6.695.957;8.006;3.098.804;910.837;231.432;0;1.240.841;-7.419;682.072;3.542;0;494.171;
12  ;CREDIREAL                                             ;I;2  ;2        ;12/1994;5.085.149;9.505;103.696;4.314.469;55.468;2.541;333.144;-450;163.611;11.909;0;91.256;
13  ;BANRISUL                                              ;I;2  ;2        ;12/1994;3.988.630;23.665;306.616;2.255.038;203.283;1.982;970.226;-1.633;57.017;4.506;0;167.930;
14  ;BANERJ                                                ;I;2  ;2        ;12/1994;3.862.124;45.885;14.591;2.003.320;331.898;15.905;601.471;-1.262;658.549;49.431;20;141.923;
15  ;BNB                                                   ;I;1  ;         ;12/1994;3.811.309;2.760;66.875;112.928;150.090;2;3.070.997;-27.893;274.216;2.773;0;158.560;
16  ;BANESTADO                                             ;I;2  ;2        ;12/1994;3.536.984;122.694;405.801;330.327;338.703;1.162;1.769.885;-15.329;339.229;7.417;0;237.094;
17  ;SUDAMERIS                                             ;I;4  ;2        ;12/1994;3.020.297;59.620;284.048;409.205;238.457;92;1.366.493;-15.047;428.856;8.587;0;219.531;
18  ;BFB                                                   ;I;4  ;2        ;12/1994;3.035.166;46.593;500.803;447.013;97.093;1.021;1.310.832;-777;344.034;20.712;0;267.841;
19  ;LLOYDSBANK                                            ;I;4  ;2        ;12/1994;3.366.977;30.215;1.249.913;411.096;14.108;17;743.282;10.921;837.269;23.485;0;38.915;
20  ;MERCAPAULO                                            ;I;3  ;2        ;12/1994;2.523.858;21.771;269.146;421.576;218.538;2.294;799.131;-1.566;159.678;1.883;0;623.742;
21  ;BOZANO SIMONSEN                                       ;I;5  ;2        ;12/1994;2.459.483;29.337;752.808;412.284;37.650;0;489.341;-3.212;428.740;5.048;17.783;280.032;
22  ;BEMGE                                                 ;I;2  ;2        ;12/1994;2.257.547;39.208;346.189;472.367;219.651;30.389;709.005;-2.190;305.700;2.610;0;134.619;
23  ;AMERICA DO SUL                                        ;I;5  ;2        ;12/1994;2.254.176;44.682;167.003;337.184;292.669;9.872;1.026.017;-461;171.919;713;0;202.364;
24  ;BOAVISTA                                              ;I;3  ;2        ;12/1994;3.467.090;262.141;1.524.311;400.311;80.907;239;580.643;-1.214;461.674;6.080;0;151.999;
25  ;CITIBANK N.A.                                         ;I;4  ;2        ;12/1994;2.149.173;60.225;484.850;299.634;150.718;3;609.139;-4.616;423.867;3.522;0;111.192;
26  ;MERIDIONAL                                            ;I;1  ;2        ;12/1994;1.822.252;44.348;151.848;225.532;143.615;0;945.324;-8.883;82.315;83.268;0;154.886;
27  ;BOSTON                                                ;I;4  ;2        ;12/1994;1.686.542;643;978.980;458.801;13.340;0;55.505;-551;91.341;143;0;35.468;
28  ;ABN AMRO                                              ;I;4  ;2        ;12/1994;1.680.031;35.434;208.780;220.350;40.507;3.574;751.670;-5.158;369.202;9.727;0;45.234;
29  ;BANDEIRANTES                                          ;I;3  ;2        ;12/1994;2.043.271;18.732;713.976;241.655;153.821;1.681;599.983;-52;146.856;3.620;0;145.440;
30  ;BANK OF BOSTON                                        ;I;4  ;2        ;12/1994;1.422.577;159.439;91.940;131.680;95.080;383;197.531;-180;633.698;5.285;0;76.165;
31  ;PACTUAL                                               ;I;3  ;2        ;12/1994;1.154.261;7.616;413.209;485.234;13;166;6.132;-31;154.525;464;0;86.933;
32  ;BMB                                                   ;I;3  ;2        ;12/1994;1.141.162;15.926;83.305;179.535;145.479;814;536.147;-1.703;44.239;2.872;0;134.549;
33  ;BMC                                                   ;I;3  ;2        ;12/1994;1.117.105;25.164;99.750;149.681;26.628;0;596.758;-4.760;139.972;22.591;0;59.109;
34  ;BANEB                                                 ;I;2  ;2        ;12/1994;1.115.298;6.217;27.849;367.383;200.661;0;428.247;-12.810;36.420;2.859;0;58.470;
35  ;EXCEL                                                 ;I;4  ;2        ;12/1994;1.069.009;2.729;202.093;146.158;24.225;0;558.321;-4.764;53.254;2.558;0;77.840;
36  ;CHASE MANHATTAN                                       ;I;4  ;2        ;12/1994;1.017.019;146;468.822;97.487;3.299;30;80.464;-410;281.302;4.882;0;71.514;
37  ;PONTUAL                                               ;I;3  ;2        ;12/1994;1.024.078;3.664;173.887;152.972;9.613;0;526.727;-5.263;62.619;21.175;19.426;59.257;
38  ;VOTORANTIM                                            ;I;3  ;         ;12/1994;991.986;280;389.017;279.853;3.516;0;96.801;-468;148.352;44;0;74.592;
39  ;DIBENS                                                ;I;3  ;2        ;12/1994;993.734;392;391.705;163.851;11.560;0;271.646;0;104.337;101;0;49.998;
40  ;RURALMINAS                                            ;I;3  ;2        ;12/1994;987.757;20.262;75.571;166.552;17.648;106;542.099;-1.615;97.033;2.057;0;66.065;
41  ;CREDIBANCO                                            ;I;5  ;2        ;12/1994;958.127;3.090;227.617;76.861;25.787;0;447.222;-2.280;99.715;7.332;32.567;40.283;
42  ;BRB                                                   ;I;2  ;2        ;12/1994;972.425;12.816;195.994;71.045;81.548;210;474.656;-172;49.083;1.894;0;85.351;
43  ;BIC                                                   ;I;3  ;2        ;12/1994;945.316;20.557;93.586;143.881;73.174;1.370;433.357;-389;87.431;5.389;12.695;60.276;
44  ;VEGA                                                  ;I;3  ;2        ;12/1994;909.655;161;7.920;6.211;1.489;865.994;18.185;-91;1.700;665;0;7.421;
45  ;BANGERAL                                              ;I;3  ;2        ;12/1994;866.002;36.089;59.732;143.550;71.660;53;456.453;-292;37.288;1.397;0;54.226;
46  ;BESC                                                  ;I;2  ;2        ;12/1994;933.075;10.038;176.799;264.597;93.404;1.201;305.921;-298;21.242;1.943;0;58.228;
47  ;BMG                                                   ;I;3  ;2        ;12/1994;836.786;14.594;256.501;142.165;11.537;0;235.267;-328;94.003;4.048;0;49.718;
48  ;GARANTIA                                              ;I;3  ;2        ;12/1994;815.007;464;124.610;493.075;5.184;0;56.265;0;130.200;267;0;4.942;
49  ;SOGERAL                                               ;I;5  ;2        ;12/1994;818.058;8.651;270.080;98.414;27.062;0;178.181;-646;186.099;869;0;49.348;
50  ;BASA                                                  ;I;1  ;         ;12/1994;780.293;4.574;122.278;70.199;44.199;6.406;242.432;-1.694;228.357;12.817;0;50.725;
51  ;DEUTSCHE                                              ;I;4  ;         ;12/1994;692.742;47.760;213.309;47.186;5.524;0;147.386;-698;204.329;216;0;27.731;
52  ;BANESTES                                              ;I;2  ;2        ;12/1994;677.056;11.148;57.320;77.663;99.668;170;342.142;-1.352;45.597;1.125;0;43.577;
53  ;BEC                                                   ;I;2  ;2        ;12/1994;559.216;4.648;53.275;38.497;55.338;6.735;359.963;-612;15.023;5.782;0;20.565;
54  ;MORGAN                                                ;I;4  ;2        ;12/1994;525.950;47.809;154.519;90.393;701;0;14.021;-508;208.765;0;0;10.249;
55  ;FIBRA                                                 ;I;3  ;2        ;12/1994;501.946;1.144;22.919;170.765;23.988;0;186.973;-769;72.166;2.974;0;20.852;
56  ;BANDEPE                                               ;I;2  ;2        ;12/1994;486.041;4.508;14.711;35.026;89.944;1.652;259.006;-789;25.674;4.281;0;52.029;
57  ;ABC-ROMA                                              ;I;5  ;2        ;12/1994;483.585;16.617;88.992;51.725;12.530;0;169.075;-833;86.483;37;0;58.960;
58  ;DEUTSCH                                               ;I;4  ;         ;12/1994;454.322;13.962;71.682;38.779;2.317;0;194.975;-457;113.078;614;0;19.373;
59  ;BNL                                                   ;I;4  ;2        ;12/1994;428.824;4.646;132.423;30.116;8.974;0;201.451;-9.833;38.104;440;1.633;20.662;
60  ;CITIBANK                                              ;I;4  ;2        ;12/1994;427.655;472;173.121;141.448;41.228;0;32.953;-163;2.561;379;0;33.422;
61  ;NEDERLANDEN                                           ;I;4  ;         ;12/1994;413.125;6.128;234.206;41.137;4.809;0;80.320;-1.603;40.348;99;0;7.681;
62  ;SUMITBANK                                             ;I;4  ;         ;12/1994;395.332;1.336;132.276;13.004;9.071;0;172.546;-1.086;60.387;1.359;0;6.440;
63  ;BMD                                                   ;I;3  ;2        ;12/1994;391.010;7.502;18.995;62.010;26.610;455;203.291;-3.826;53.341;1.124;0;21.509;
64  ;BEG                                                   ;I;2  ;2        ;12/1994;370.343;7.946;685;97.113;44.003;2.507;172.700;-99;24.001;632;0;20.854;
65  ;CACIQUE                                               ;I;3  ;         ;12/1994;357.408;5.028;7.638;128.827;16.694;0;129.760;-254;59.926;2.092;0;7.697;
66  ;SRL                                                   ;I;5  ;         ;12/1994;329.182;1.029;85.630;55.590;137;0;17.381;0;133.638;381;0;35.395;
67  ;BEAL                                                  ;I;4  ;2        ;12/1994;306.971;375;91.860;4.487;51.764;0;76.007;0;65.565;646;0;16.267;
68  ;AGRIMISA                                              ;I;3  ;2        ;12/1994;249.637;6.154;10.839;21.927;4.282;0;106.670;3.295;62.261;10.469;0;23.740;
69  ;SUL AMERICA                                           ;I;5  ;2        ;12/1994;236.589;4.163;36.862;42.547;22.057;0;51.082;0;28.074;2.964;0;48.840;
70  ;FININVEST                                             ;I;5  ;2        ;12/1994;234.150;1.763;1.995;53.715;14.631;950;122.675;-840;13.631;15;0;25.615;
71  ;BANFORT                                               ;I;3  ;2        ;12/1994;232.100;4.319;1.475;32.351;11.982;0;124.537;-453;21.611;16.334;0;19.945;
72  ;MITSUBISHI                                            ;I;4  ;2        ;12/1994;221.417;1.343;94.451;13.249;10.520;0;39.435;0;46.302;1.072;0;15.043;
73  ;BEA                                                   ;I;2  ;2        ;12/1994;193.995;4.257;0;10.527;17.676;2.149;141.100;-3.649;4.817;2.114;0;15.004;
74  ;BANPARA                                               ;I;2  ;2        ;12/1994;192.545;2.619;1.301;6.281;20.022;4.398;115.393;-490;6.661;553;0;35.808;
75  ;PORTUGUES                                             ;I;4  ;         ;12/1994;189.907;81;92.855;822;4.415;0;42.083;-361;38.111;13;0;7.670;
76  ;SANTOS                                                ;I;3  ;2        ;12/1994;170.480;1.187;2.834;116.241;2.405;0;28.201;-241;6.109;30;0;13.714;
77  ;INVESTCRED                                            ;I;3  ;2        ;12/1994;170.420;25;12.893;7.649;14.107;0;113.436;0;17.059;135;0;5.115;
78  ;OMEGA                                                 ;I;3  ;2        ;12/1994;177.135;762;7.770;78.631;4.194;0;47.603;-2.050;14.815;240;909;24.176;
79  ;CREDITO SP                                            ;I;3  ;2        ;12/1994;166.168;736;44.823;13.493;4.589;0;86.885;-1.880;12.717;316;0;4.489;
80  ;SOFISA                                                ;I;3  ;2        ;12/1994;148.715;214;40.201;15.547;4.626;5.305;62.558;-187;1.673;292;0;18.487;
81  ;PRODUBAN                                              ;I;2  ;2        ;12/1994;135.514;4.808;0;5.795;19.675;825;94.284;-436;1.081;193;0;9.291;
82  ;BEM                                                   ;I;2  ;2        ;12/1994;128.741;2.203;1.027;14.832;16.044;1.604;67.332;-220;4.233;924;0;20.764;
83  ;PANAMERICANO                                          ;I;3  ;2        ;12/1994;125.340;530;21.206;9.343;10.515;0;76.620;-1.138;2.464;681;0;5.119;
84  ;BANESE                                                ;I;2  ;         ;12/1994;121.693;9.883;0;15.259;17.724;0;58.869;-501;1.498;1.203;0;17.758;
85  ;AGF                                                   ;I;5  ;         ;12/1994;104.167;1.956;67.025;27.984;0;0;5.705;0;1.485;0;0;11;
86  ;BBC                                                   ;I;3  ;2        ;12/1994;113.576;6.674;25.601;7.520;13.836;376;45.299;-258;4.928;647;0;8.954;
87  ;BANSANDER                                             ;I;4  ;         ;12/1994;100.788;140;3.804;87.327;2;0;0;0;3.336;44;0;6.135;
88  ;SCHAHIN CURY                                          ;I;3  ;2        ;12/1994;101.421;1.371;12.860;22.251;2.141;0;48.194;-83;6.035;685;1.323;7.175;
89  ;FINANCIAL                                             ;I;4  ;         ;12/1994;92.914;1.611;5.458;7.526;2.420;120;23.432;0;47.254;1.680;0;3.415;
90  ;TRIANGULO                                             ;I;3  ;         ;12/1994;92.231;197;1.962;11.362;9.974;0;67.958;-519;918;16;0;362;
91  ;CONTINENTAL                                           ;I;5  ;2        ;12/1994;88.286;21.009;12.279;3.470;159;0;7.203;-52;43.207;5;0;1.006;
92  ;PEBB                                                  ;I;3  ;2        ;12/1994;84.850;910;7.894;36.793;171;0;10.892;0;67;0;0;28.124;
93  ;UNION                                                 ;I;4  ;         ;12/1994;82.692;595;5.182;10.897;2.289;0;50.065;-498;6.392;250;0;7.520;
94  ;PARAIBAN                                              ;I;2  ;         ;12/1994;75.731;548;16.690;16.167;1.748;16;1.805;-24;2.799;523;0;35.460;
95  ;BRASCAN                                               ;I;5  ;2        ;12/1994;62.700;456;4.413;12.241;4.570;27;20.901;-346;12.249;625;0;7.564;
96  ;CREDIBEL                                              ;I;3  ;         ;12/1994;61.064;129;5.436;11.290;3.434;0;40.394;-53;108;0;0;325;
97  ;ARAUCARIA                                             ;I;3  ;2        ;12/1994;58.354;1.080;11.662;17.713;710;0;12.198;-61;11.134;81;0;3.837;
98  ;BEMAT                                                 ;I;2  ;         ;12/1994;56.546;888;7.214;7.682;8.104;624;14.764;-39;2.833;74;0;14.402;
99  ;VR                                                    ;I;3  ;2        ;12/1994;54.656;51;20.271;13.330;2.465;0;17.871;0;29;0;0;638;
100 ;DAYCOVAL                                              ;I;3  ;2        ;12/1994;54.573;171;7.711;3.072;3.169;0;26.173;111;1.097;12;0;13.057;
101 ;LAVRA                                                 ;I;3  ;2        ;12/1994;50.864;1.380;1.915;3.632;3.698;2;26.554;-87;2.650;3;0;11.118;
102 ;BFC                                                   ;I;3  ;2        ;12/1994;52.090;26;8.046;10.297;1.012;2.046;21.493;-77;3.039;22;0;6.187;
103 ;HISPANO                                               ;I;4  ;         ;12/1994;50.697;182;2.180;299;2.246;0;26.404;-3.408;17.797;31;0;4.965;
104 ;INTERUNION                                            ;I;3  ;2        ;12/1994;49.734;37;1.055;13.464;233;15.075;10.406;-150;2.078;0;0;7.537;
105 ;GUANABARA                                             ;I;3  ;         ;12/1994;49.282;144;7.761;1.985;1.579;0;36.068;-116;1.572;11;0;278;
106 ;INTERCAP                                              ;I;3  ;2        ;12/1994;48.743;160;17.630;6.658;1.274;0;17.799;-84;1.277;1;0;4.028;
107 ;PARANA                                                ;I;3  ;2        ;12/1994;47.181;91;411;6.192;4.081;0;26.675;-292;2.763;387;0;6.873;
108 ;PROSPER                                               ;I;3  ;2        ;12/1994;46.852;116;9.794;27.804;187;140;3.679;0;71;0;0;5.062;
109 ;PECUNIA                                               ;I;3  ;2        ;12/1994;46.342;314;11.016;426;2.932;10;28.547;1;2.052;80;0;963;
110 ;BEPI                                                  ;I;2  ;         ;12/1994;46.073;162;880;1.127;3.416;1.446;28.055;-48;1.303;4.171;0;5.562;
111 ;INDUSTRIAL                                            ;I;5  ;2        ;12/1994;46.584;7;14.987;2.942;1.520;0;17.145;-1;6.053;1;0;3.932;
112 ;AGROINVEST                                            ;I;5  ;2        ;12/1994;37.619;2;12.731;6.010;784;0;17.927;-230;231;3;0;161;
113 ;BIG                                                   ;I;3  ;2        ;12/1994;34.638;67;2;5.435;717;1.667;15.361;1.108;5.106;0;0;5.174;
114 ;BANCOPAR                                              ;I;4  ;         ;12/1994;34.544;8.221;0;19.791;38;0;262;0;6.171;0;0;62;
115 ;BRASIRAQ                                              ;I;5  ;2        ;12/1994;33.670;674;2.268;354;1.779;0;8.536;0;10.667;9;0;9.382;
116 ;PRIMUS                                                ;I;3  ;2        ;12/1994;29.226;1.943;4.821;10.421;45;0;0;0;6.103;1.311;0;4.582;
117 ;LA PROVINCIA                                          ;I;4  ;         ;12/1994;29.152;3.760;1.217;12;262;0;8.446;-52;14.797;1;0;709;
118 ;UNIVERSAL                                             ;I;3  ;2        ;12/1994;29.385;62;2.166;212;1.830;3.622;16.243;-1;211;33;0;5.007;
119 ;MAPPIN                                                ;I;3  ;2        ;12/1994;28.782;446;17.803;2.981;240;0;0;0;1.756;27;0;5.529;
120 ;LUSO BRASILEIRO                                       ;I;3  ;         ;12/1994;25.509;539;5.750;927;1.540;0;13.650;-68;287;0;0;2.885;
121 ;COMERCIAL SP                                          ;I;3  ;         ;12/1994;24.669;45;5.294;1.059;1.387;0;14.345;-568;2;1.829;0;1.277;
122 ;FICSA                                                 ;I;3  ;2        ;12/1994;22.439;12;6.883;74;478;96;13.679;-1.085;1.700;31;0;570;
123 ;BANER                                                 ;I;2  ;         ;12/1994;21.342;1.469;1.150;938;282;111;7.372;0;1.067;49;0;8.903;
124 ;SEGMENTO                                              ;I;3  ;2        ;12/1994;33.587;33;13.564;6.637;448;0;8.197;0;105;0;0;4.603;
125 ;RENNER                                                ;I;3  ;         ;12/1994;18.986;198;1.655;39;1.154;173;14.704;-227;945;51;0;295;
126 ;EMPRESARIAL                                           ;I;3  ;2        ;12/1994;19.114;31;69;1.862;1.098;4.092;10.170;-597;177;1.144;0;1.068;
127 ;PLANIBANC                                             ;I;5  ;2        ;12/1994;18.717;31;17.158;174;0;0;0;0;1.284;0;0;69;
128 ;SAO JORGE                                             ;I;3  ;         ;12/1994;18.321;99;437;309;187;10;2.687;-186;2.049;6.200;0;6.530;
129 ;OPEN                                                  ;I;3  ;2        ;12/1994;18.167;63;0;399;132;1.244;610;0;12.318;50;0;3.351;
130 ;INTERIOR                                              ;I;3  ;         ;12/1994;17.753;801;2.634;0;999;0;13.100;-53;23;0;0;248;
131 ;BANAP                                                 ;I;2  ;         ;12/1994;16.228;16;152;454;1.392;9.691;3.401;-164;85;7;0;1.196;
132 ;MATONE                                                ;I;3  ;2        ;12/1994;15.499;24;932;473;1.239;0;9.868;-7;227;159;0;2.586;
133 ;BANCNACION                                            ;I;4  ;         ;12/1994;16.388;948;2.525;534;1.185;0;3.092;-22;3.231;12;0;4.882;
134 ;LA REPUBLICA                                          ;I;4  ;         ;12/1994;13.844;609;7.019;60;502;0;3.394;-151;647;302;0;1.461;
135 ;CEDULA                                                ;I;3  ;2        ;12/1994;13.346;86;1.558;211;575;17;7.125;0;849;305;0;2.620;
136 ;CRUZEIRO                                              ;I;3  ;2        ;12/1994;13.226;55;2.858;8;833;0;5.098;0;807;1;0;3.567;
137 ;SANTOS NEVES                                          ;I;3  ;2        ;12/1994;13.089;147;281;2.202;523;0;2.236;-112;105;16;0;7.692;
138 ;CLASSICO                                              ;I;3  ;         ;12/1994;13.060;2.452;430;277;318;130;2.742;0;8;0;0;6.703;
139 ;PONTO 3                                               ;I;3  ;         ;12/1994;12.458;1;2.660;1.097;34;0;232;0;8;0;0;8.426;
140 ;FATOR                                                 ;I;3  ;2        ;12/1994;10.661;35;1;2.544;0;0;0;0;69;0;0;8.012;
141 ;POTTENCIAL                                            ;I;3  ;         ;12/1994;9.908;14;803;4.189;514;0;3.981;0;27;0;0;380;
142 ;GERDAU                                                ;I;3  ;2        ;12/1994;9.617;18;8.884;0;50;0;448;0;0;0;0;215;
143 ;PREMIER                                               ;I;3  ;         ;12/1994;8.357;25;862;0;704;0;6.348;0;72;24;0;323;
144 ;CREDIPLAN                                             ;I;3  ;         ;12/1994;7.062;109;703;103;729;103;4.487;-93;313;6;0;604;
145 ;BANCIONAL                                             ;I;3  ;2        ;12/1994;2.816;28;362;15;462;0;513;0;39;1;0;1.397;
146 ;EXTERIBANK                                            ;I;4  ;         ;12/1994;2.029;390;221;102;41;0;583;0;395;50;0;247;
Total 50 Maiores Bancos (Consolidado Bancario I)            ;;;;;;295.007.921;8.673.994;32.248.807;47.849.090;23.711.676;1.622.585;124.487.849;-965.547;28.071.461;2.125.138;185.767;26.675.074;
% de Participacao 50 maiores Bancos (Consolidado Bancario I);;;;;;67,1%;80,6%;48,8%;74,2%;60,8%;74,6%;78,3%;64,9%;63,1%;74,9%;1,9%;62,4%;
Total demais Bancos (Consolidado Bancario I)                ;;;;;;13.387.453;290.963;2.341.083;2.023.329;792.635;67.588;4.993.229;-40.625;1.788.510;80.699;3.865;1.039.047;
Total Consolidado Bancario I ( 146  Instituicoes )          ;;;;;;308.395.374;8.964.957;34.589.890;49.872.419;24.504.311;1.690.173;129.481.078;-1.006.172;29.859.971;2.205.837;189.632;27.714.121;
% de Participacao Consolidado Bancario I                    ;;;;;;70,2%;83,3%;52,3%;77,3%;62,8%;77,7%;81,4%;67,6%;67,2%;77,8%;2,0%;64,9%;
1   ;BNDES                                                 ;I;1  ;         ;12/1994;35.249.791;16.364;0;3.031.072;11.030.505;0;6.768.664;-67.832;4.957.211;133;0;9.513.674;
2   ;NACIONAL                                              ;I;3  ;2        ;12/1994;10.114.481;262.841;1.269.504;478.867;554.892;21.984;5.499.898;-63.068;1.386.434;25.058;0;615.060;
3   ;ECONOMICO                                             ;I;3  ;2        ;12/1994;6.610.749;116.963;660.688;1.184.312;640.987;939;2.736.987;-31.795;725.156;60.973;0;515.539;
4   ;NACIONAL                                              ;I;3  ;2        ;12/1994;5.134.496;18;3.490.257;1.111.536;17.034;0;165.134;-6.213;34.234;25;15.714;295.956;
5   ;GARANTIA                                              ;I;3  ;2        ;12/1994;3.520.197;376.001;1.391.493;750.404;762;0;46.058;0;753.163;619;0;201.698;
6   ;MULTIPLIC                                             ;I;5  ;2        ;12/1994;2.425.338;38.055;365.350;798.442;15.069;0;755.212;-2.588;242.115;3.104;0;210.580;
7   ;NOROESTE                                              ;I;3  ;2        ;12/1994;2.188.374;55.717;263.520;264.940;132.979;1.275;941.135;-3.545;310.878;10.432;0;211.042;
8   ;BAHIA                                                 ;I;3  ;2        ;12/1994;2.242.955;534.688;389.543;257.773;955;0;45.764;-2.601;888.673;1.041;0;127.120;
9   ;BANORTE                                               ;I;3  ;2        ;12/1994;1.615.155;16.639;102.134;235.765;181.989;17.068;780.014;-3.338;134.209;18.839;0;131.837;
10  ;BANCOCIDADE                                           ;I;5  ;2        ;12/1994;1.234.279;107.122;275.438;169.549;68.263;14;442.150;-10.186;70.181;4.721;0;67.638;
11  ;BISA                                                  ;I;3  ;2        ;12/1994;1.132.943;5.974;32.992;116.588;69.856;0;526.237;-222;258.976;8.755;0;111.893;
12  ;NORCHEM                                               ;I;5  ;2        ;12/1994;1.004.348;1.571;574.244;177.997;1.752;0;40.714;-1.781;162.392;1.206;0;46.252;
13  ;CCF BRASIL                                            ;I;4  ;2        ;12/1994;1.089.383;1.756;450.079;320.458;6.016;0;127.445;-1.525;124.716;171;-4.121;64.121;
14  ;REAL                                                  ;I;3  ;2        ;12/1994;986.351;0;112.714;226.753;26.468;0;304.094;-1.428;7.655;47;26.036;284.012;
15  ;ICATU                                                 ;I;3  ;         ;12/1994;879.541;3.375;216.589;306.401;5.199;0;90.983;-60;171.383;398;0;85.275;
16  ;BCN BARCLAYS                                          ;I;3  ;2        ;12/1994;706.459;13.578;173.546;58.539;8.312;0;194.702;-3.620;236.726;3.554;0;21.123;
17  ;BRDE                                                  ;I;2  ;         ;12/1994;696.312;79;111.562;8.123;0;0;566.855;-798;4.600;2.147;1.762;1.983;
18  ;BDMG                                                  ;I;2  ;         ;12/1994;693.290;17;6.124;216.170;5.594;0;396.851;-5.775;51.999;1.422;0;20.888;
19  ;FIAT                                                  ;I;4  ;2        ;12/1994;590.032;3.330;149.705;77.332;3.984;0;288.317;-5.489;3.567;242;0;69.043;
20  ;BB                                                    ;I;3  ;2        ;12/1994;535.509;1;335.103;90.019;31.044;0;8.965;-242;15.996;0;0;54.623;
21  ;INTER-ATLANTICO                                       ;I;5  ;2        ;12/1994;483.119;1.145;74.807;28.139;18.368;21.126;238.129;-1.338;59.117;1.931;-2.610;38.428;
22  ;AUTOLATINA                                            ;I;4  ;2        ;12/1994;414.881;2.315;3.747;0;9.405;0;399.861;-4.648;2.842;991;0;370;
23  ;GENERAL MOTORS                                        ;I;4  ;2        ;12/1994;382.986;79;9.669;0;7.098;4.374;326.591;-1.266;8.030;1.552;0;26.860;
24  ;LLOYDS                                                ;I;4  ;2        ;12/1994;378.850;20;173.238;147.490;0;0;46.037;0;12.052;0;0;12;
25  ;DESENBANCO                                            ;I;2  ;         ;12/1994;339.341;90;2.743;0;694;0;323.956;-765;4.894;2.291;0;5.439;
26  ;PROGRESSO                                             ;I;3  ;2        ;12/1994;328.600;4.175;9.884;49.160;20.728;23;148.724;-1.218;43.927;12.489;0;40.708;
27  ;LIBERAL                                               ;I;3  ;2        ;12/1994;316.833;10.236;52.764;5.184;597;99;1.572;-8;239.265;15;0;7.109;
28  ;TOKYO                                                 ;I;4  ;2        ;12/1994;308.369;3.560;26.577;13.806;4.119;333;99.271;-2.137;124.944;733;0;37.164;
29  ;CREFISUL                                              ;I;5  ;2        ;12/1994;289.745;3.103;76.208;13.642;13.869;13.510;88.477;-24;40.688;93;0;36.923;
30  ;MERCANTIL                                             ;I;3  ;2        ;12/1994;281.042;2.655;2.262;46.286;14.759;133;184.764;-9;17.778;1.807;0;10.607;
31  ;BANCESA                                               ;I;3  ;2        ;12/1994;266.138;3.031;19.167;53.523;28.861;200;104.071;-2.282;40.521;1.937;92;17.017;
32  ;BADESC                                                ;I;2  ;         ;12/1994;262.512;117;10.337;2.520;2;0;246.208;-1.699;1.176;3.438;0;412;
33  ;MATRIX                                                ;I;3  ;2        ;12/1994;250.343;7.257;22.824;112.839;0;0;678;0;69.612;144;0;36.989;
34  ;CINDAM                                                ;I;3  ;2        ;12/1994;241.177;28.644;41.128;126.188;209;0;1.262;0;30.722;110;0;12.913;
35  ;BRASEG                                                ;I;5  ;         ;12/1994;200.921;601;80.892;14.208;35.927;0;47.378;-245;17.806;1.612;0;2.743;
36  ;MULTI                                                 ;I;4  ;2        ;12/1994;190.464;178;43.342;12.044;1.648;74.509;13.216;-63;42.163;52;0;3.375;
37  ;FLEMING GRAPHUS                                       ;I;3  ;2        ;12/1994;179.484;472;17.365;31.209;5;105.687;7.468;-37;4.159;0;0;13.156;
38  ;FENICIA                                               ;I;3  ;2        ;12/1994;168.984;1.049;10.437;22.472;7.835;0;100.372;-457;15.197;5.651;0;6.429;
39  ;BANQUEIROZ                                            ;I;3  ;2        ;12/1994;201.938;2.440;37.691;20.449;12.406;100;95.239;-530;20.464;1.153;0;12.526;
40  ;MARKA                                                 ;I;3  ;         ;12/1994;161.490;42;7.616;19.516;415;96.349;14.053;-619;10.783;1;0;13.335;
41  ;DIMENSAO                                              ;I;3  ;2        ;12/1994;159.033;831;14.105;114.308;261;0;2.972;140;9.365;1;0;17.050;
42  ;ARBI                                                  ;I;3  ;2        ;12/1994;156.365;3.473;4.725;31.545;3.949;28.565;56.593;1.665;6.024;122;0;19.705;
43  ;BRJ                                                   ;I;3  ;         ;12/1994;165.344;145;22.149;680;22.267;0;54.065;-12;56.070;1.938;0;6.687;
44  ;FINASA                                                ;I;3  ;2        ;12/1994;137.903;2;16.410;1.084;2.201;0;18.550;-25;8.937;0;0;90.744;
45  ;BANDES                                                ;I;2  ;2        ;12/1994;137.182;63;5.228;16.156;57;0;114.425;-1.467;967;26;0;1.728;
46  ;MARTINELLI                                            ;I;3  ;2        ;12/1994;115.598;2.397;26.550;16.070;5.227;0;46.841;-1.512;3.956;1.386;0;14.681;
47  ;TRANSBANCO                                            ;I;3  ;2        ;12/1994;115.137;167;4.519;4.307;13.979;0;89.417;-579;1.187;145;0;1.994;
48  ;BERON                                                 ;I;2  ;         ;12/1994;117.512;1.017;10.494;6.675;12.061;7.776;58.818;-895;10.408;967;0;10.190;
49  ;GULFINVEST                                            ;I;5  ;2        ;12/1994;112.516;288;31.440;28.970;939;68;20.927;0;25.068;0;0;4.817;
50  ;RENDIMENTO                                            ;I;3  ;2        ;12/1994;110.811;2.771;12.950;13.475;18.744;0;46.721;-233;11.020;27;0;5.337;
51  ;PATENTE                                               ;I;3  ;2        ;12/1994;107.519;298;17.690;61.016;278;10.351;1.316;0;763;8;0;15.801;
52  ;TENDENCIA                                             ;I;3  ;2        ;12/1994;105.022;747;15.026;51.300;73;0;938;0;8.267;2;0;28.669;
53  ;INDUSVAL                                              ;I;3  ;2        ;12/1994;88.557;4.567;6.504;29.468;4.178;0;32.220;-412;4.657;45;0;7.330;
54  ;IOCHPE                                                ;I;3  ;         ;12/1994;87.538;61;3.265;11.166;4.845;484;56.808;-750;2.045;0;0;9.616;
55  ;BAHIA                                                 ;I;3  ;2        ;12/1994;78.641;12;11.212;13.554;545;20.134;448;-2;32.324;0;0;414;
56  ;BMC                                                   ;I;3  ;2        ;12/1994;75.184;3;17.767;49.558;556;0;7;-7;5.560;4;0;418;
57  ;PORTO REAL                                            ;I;3  ;         ;12/1994;74.139;320;5.398;5.080;5.335;26.850;19.537;-150;2.578;238;0;8.304;
58  ;BCR                                                   ;I;3  ;2        ;12/1994;70.686;184;22.067;13.512;3.561;5;22.580;-421;2.757;338;0;6.103;
59  ;J.P.MORGAN                                            ;I;4  ;2        ;12/1994;65.214;3;21.372;37.891;0;0;0;0;5.395;0;0;553;
60  ;EUROINVEST                                            ;I;5  ;2        ;12/1994;59.398;6;7.836;1.394;5.173;1;13.128;-1.057;15.349;1;0;16.963;
61  ;FINANCEIRO IND.                                       ;I;3  ;2        ;12/1994;58.814;41;5.039;18.956;362;0;11.617;-1.341;18.784;917;0;4.440;
62  ;BANACRE                                               ;I;2  ;         ;12/1994;59.441;293;2.801;11.148;6.693;520;25.527;-969;3.038;858;0;9.531;
63  ;OPERADOR                                              ;I;3  ;2        ;12/1994;55.180;1.531;74;4.266;3.366;0;33.356;2.135;3.739;1.005;0;5.707;
64  ;BATTISTELLA                                           ;I;3  ;         ;12/1994;54.627;649;240;193;0;0;39.129;-732;3.253;376;0;11.519;
65  ;INVESTCORP                                            ;I;3  ;2        ;12/1994;53.655;26;115;1.222;1.392;21.526;16.973;0;4.244;196;0;7.960;
66  ;METROPOLITANO                                         ;I;5  ;         ;12/1994;53.468;598;1.137;14.325;1.489;216;21.417;-865;7.721;1.299;0;6.129;
67  ;BOREAL                                                ;I;3  ;2        ;12/1994;51.568;54;14.455;17.752;0;0;96;0;16.968;16;0;2.227;
68  ;AUGUSTA 251                                           ;I;3  ;2        ;12/1994;44.380;7;28.378;6;163;0;476;0;196;4;0;15.151;
69  ;MERCANTIL                                             ;I;3  ;2        ;12/1994;43.944;106;12.727;268;2.844;0;24.808;-264;2.590;6;0;861;
70  ;BM&S                                                  ;I;3  ;2        ;12/1994;40.973;125;337;2.872;5.230;9;26.977;-468;1.613;923;0;3.356;
71  ;BANDEIRANTES                                          ;I;3  ;2        ;12/1994;39.668;9;20.821;662;0;0;3.731;-119;470;10;0;14.085;
72  ;FITAL                                                 ;I;3  ;         ;12/1994;38.069;1;33.104;4.842;0;0;0;0;91;0;0;30;
73  ;ROSA                                                  ;I;3  ;2        ;12/1994;37.973;112;330;3.416;151;11.406;16.875;0;563;11;0;5.110;
74  ;FONTE                                                 ;I;3  ;2        ;12/1994;37.100;39;8.285;10.440;0;0;78;0;2.964;2;0;15.291;
75  ;PLANIBANC                                             ;I;3  ;2        ;12/1994;35.985;87;23.160;0;254;0;292;0;2.077;4;0;10.112;
76  ;STOCK                                                 ;I;3  ;2        ;12/1994;841.238;30;808.739;15.884;11;0;3.976;0;1.453;5.227;0;5.919;
77  ;MIL                                                   ;I;3  ;2        ;12/1994;31.998;199;730;1.797;2.181;77;17.615;-174;1.045;1.522;0;7.005;
78  ;PAULISTA                                              ;I;3  ;2        ;12/1994;31.312;3.533;1.765;696;2.326;0;14.114;-153;1.234;0;0;7.797;
79  ;BFI                                                   ;I;5  ;2        ;12/1994;30.775;198;1.157;1.269;294;0;22.230;0;1.323;0;0;4.303;
80  ;BFB                                                   ;I;3  ;         ;12/1994;30.191;13;7.315;107;0;0;15.390;0;4.717;0;0;2.649;
81  ;OURINVEST                                             ;I;3  ;2        ;12/1994;29.429;1.775;6.738;5.912;273;0;1.707;0;10.270;0;0;2.754;
82  ;VARIG                                                 ;I;3  ;2        ;12/1994;28.089;72;2.995;466;517;0;10.053;-352;1.142;2.017;0;11.181;
83  ;UNITED                                                ;I;3  ;2        ;12/1994;26.574;0;24.328;0;5;0;0;0;627;10;0;1.604;
84  ;D'EL REY                                              ;I;3  ;2        ;12/1994;24.777;8;17.151;390;0;0;0;0;288;0;0;6.940;
85  ;VETOR                                                 ;I;3  ;2        ;12/1994;62.912;583;40.531;12.787;195;0;1.385;0;128;18;0;7.285;
86  ;STERLING                                              ;I;5  ;         ;12/1994;22.999;56;260;21;13.856;0;6.572;-931;678;0;0;2.488;
87  ;BCO HKB                                               ;I;5  ;         ;12/1994;21.971;29;6.112;2.030;1.562;0;11.387;-220;675;3;0;393;
88  ;PATRIMONIO                                            ;I;3  ;         ;12/1994;19.920;3;9.194;6.584;0;0;0;0;3.556;0;0;584;
89  ;TRICURY                                               ;I;3  ;         ;12/1994;18.828;57;5.804;2.353;30;0;6.865;-268;67;0;0;3.920;
90  ;PRIME                                                 ;I;3  ;2        ;12/1994;18.239;26;1.721;4.595;143;0;1.429;-89;2.085;703;0;7.626;
91  ;EXPRINTER LOSAN                                       ;I;5  ;2        ;12/1994;16.883;10;14.123;2.049;0;0;426;0;94;0;0;181;
92  ;DESTAK                                                ;I;3  ;         ;12/1994;20.239;32;3.966;15.154;1;0;0;0;695;1;0;390;
93  ;FICRISA AXELRUD                                       ;I;3  ;2        ;12/1994;16.213;115;777;0;1.337;0;10.760;-125;2.573;339;0;437;
94  ;RURAL                                                 ;I;3  ;2        ;12/1994;15.618;0;5.744;0;0;0;0;0;15;0;0;9.858;
95  ;DRACMA                                                ;I;3  ;         ;12/1994;15.582;38;394;5.681;877;0;6.675;-535;1.342;65;0;1.044;
96  ;INTERFINANCE                                          ;I;3  ;2        ;12/1994;45.112;11;35.440;2.483;292;0;4.150;0;287;2;0;2.447;
97  ;INVESTOR                                              ;I;3  ;2        ;12/1994;13.701;64;158;5.168;106;0;4.238;-21;1.420;0;0;2.567;
98  ;MISASI                                                ;I;3  ;2        ;12/1994;13.007;3;3.147;314;5;0;1.951;0;506;607;0;6.473;
99  ;MALCON                                                ;I;3  ;2        ;12/1994;12.232;79;1.751;10;412;0;7.806;-62;1.746;74;0;417;
100 ;CAMBIAL                                               ;I;3  ;2        ;12/1994;12.184;73;2;1.891;32;0;1.846;0;708;0;0;7.630;
101 ;MAXINVEST                                             ;I;3  ;         ;12/1994;11.244;39;369;175;562;0;4.911;-1;218;1;0;4.970;
102 ;DIVISA                                                ;I;3  ;         ;12/1994;11.150;47;103;5.835;59;0;1.346;0;579;1;0;3.180;
103 ;NACOES                                                ;I;3  ;         ;12/1994;10.624;47;1.350;279;383;0;5.642;-27;1;0;0;2.950;
104 ;FINANSINOS                                            ;I;3  ;2        ;12/1994;10.557;8;655;501;481;0;6.944;-109;1.245;27;0;806;
105 ;PERFORMANCE                                           ;I;3  ;         ;12/1994;9.885;17;3.205;2.887;2;0;0;0;766;0;0;3.008;
106 ;INTERPART                                             ;I;3  ;         ;12/1994;8.448;52;271;1.670;115;0;1.505;-6;3.243;0;0;1.599;
107 ;TECNICORP                                             ;I;3  ;2        ;12/1994;8.315;36;380;5;341;0;3.790;0;948;388;0;2.426;
108 ;BANCRED                                               ;I;3  ;2        ;12/1994;8.107;55;2.961;248;242;5;2.144;-48;169;74;0;2.257;
109 ;OK                                                    ;I;3  ;2        ;12/1994;7.223;67;368;273;231;0;3.877;-23;36;30;0;2.363;
110 ;AMERICAN EXPRES                                       ;I;4  ;2        ;12/1994;6.401;54;0;957;0;0;0;0;6;0;0;5.384;
111 ;PORTO SEGURO                                          ;I;3  ;         ;12/1994;5.701;3;1.492;996;0;0;0;0;428;0;0;2.782;
112 ;INTERPACIFICO                                         ;I;3  ;         ;12/1994;5.593;9;5.409;106;0;0;0;0;45;0;0;24;
113 ;DIGIBANCO                                             ;I;3  ;2        ;12/1994;5.352;0;0;4.096;0;0;1.240;-248;264;0;0;0;
114 ;INDUSCRED                                             ;I;3  ;2        ;12/1994;5.896;30;722;5;453;0;2.544;0;241;60;0;1.841;
115 ;TOTAL                                                 ;I;3  ;2        ;12/1994;4.919;3;1.013;1.834;0;0;0;0;14;0;0;2.055;
116 ;CRITERIUM                                             ;I;3  ;         ;12/1994;3.142;7;1.191;297;0;0;0;0;169;0;0;1.478;
117 ;APLICAP                                               ;I;3  ;2        ;12/1994;3.223.604;22;3.216.469;1.673;0;0;0;0;122;13;0;5.305;
Total 5 Maiores Bancos (Consolidado Bancario II)            ;;;;;;60.629.714;772.187;6.811.942;6.556.191;12.244.180;22.923;15.216.741;-168.908;7.856.198;86.808;15.714;11.141.927;
% de Participacao 5 maiores Bancos (Consolidado Bancario II);;;;;;13,8%;7,2%;10,3%;10,2%;31,4%;1,1%;9,6%;11,4%;17,7%;3,1%;0,2%;26,1%;
Total demais Bancos (Consolidado Bancario II)               ;;;;;;31.277.814;881.647;8.945.051;4.750.579;887.922;462.793;9.058.946;-72.275;3.818.382;114.136;21.159;2.354.878;
Total Consolidado Bancario II ( 117  Instituicoes )         ;;;;;;91.907.528;1.653.834;15.756.993;11.306.770;13.132.102;485.716;24.275.687;-241.183;11.674.580;200.944;36.873;13.496.805;
% de Participacao Consolidado Bancario II                   ;;;;;;20,9%;15,4%;23,8%;17,5%;33,7%;22,3%;15,3%;16,2%;26,3%;7,1%;0,4%;31,6%;
Total Consolidado Bancario III ( 899  Instituicoes )        ;;;;;;684.226;44.019;12.047;85.870;13.328;0;475.632;-5.760;26.529;1.501;0;31.013;
% de Participacao Consolidado Bancario III                  ;;;;;;0,2%;0,4%;0,0%;0,1%;0,0%;0,0%;0,3%;0,4%;0,1%;0,1%;0,0%;0,1%;
Total Consolidado Nao Bancario ( 759  Instituicoes )        ;;;;;;38.633.103;106.154;15.755.836;3.248.882;1.347.036;259;4.775.124;-234.794;2.897.317;427.788;9.344.407;1.484.921;
% de Participacao Consolidado Nao Bancario                  ;;;;;;8,8%;1,0%;23,8%;5,0%;3,5%;0,0%;3,0%;15,8%;6,5%;15,1%;97,6%;3,5%;
Total do Sistema Financeiro Nacional                        ;;;;;;439.620.231;10.768.964;66.114.766;64.513.941;38.996.777;2.176.148;159.007.521;-1.487.909;44.458.397;2.836.070;9.570.912;42.726.860;
Fonte: Sisbacen
(*) Este grupo está subtraído do Imobilizado de Arrendamento
TD (Tipo de Documento): C - Conglomerado, I - Instituição Independente
TC (Tipo de Controle): 1 - Público Federal, 2 - Público Estadual, 3 - Privado Nacional, 4 - Privado Controle Estrangeiro, 5 - Privado Participação Estrangeira
Obs.: 1 - Excepcionalidades ao cumprimento de limites - Vide Relatório
      2 - Instituições líderes do conglomerado bancário não optante pela consolidação mensal de balancetes.
