50 Maiores Bancos e o Consolidado do Sistema Financeiro Nacional
RESULTADO DA INTERMEDIACAO FINANCEIRA
Data-base: Dezembro/1998;;;;;;;;;;;;;;Balancetes processados até: 21/12/2005

;;;;;;;;;;;;;;;Em R$ Mil
RESULTADO DA INTERMEDIACAO FINANCEIRA
Ranking;Instituições;TD;TC;Obs.;Data;Receitas de Intermediação Financeira;;;;;Despesas de Intermediação Financeira;;;;;Resultado
;;;;;Balancete;Operações de Créd.;Operações com Tít.;Operações com Instrum.;Operações de;Aplicações;Captações;Empréstimos;Arrendam.;Operações;Provisão;Bruto
;;;;;;e Arrend. Mercantil;Val. Mobiliários;Financ. Derivativos;Câmbio;Compulsórias;no Mercado;e Repasses;Mercantil;de Câmbio;para CL
1;BB                                                    ;C;1;         ;12/1998;6.280.746;5.900.067;-725.475;259.959;326.190;-5.412.455;-2.333.424;-121.402;0;-2.503.983;1.670.223;
2;CEF                                                   ;I;1;         ;12/1998;6.026.494;1.606.286;-111.727;118;778.664;-4.422.797;-3.060.727;0;0;301.237;1.117.548;
3;BRADESCO                                              ;C;3;         ;12/1998;3.884.912;1.327.683;-231.734;276.817;227.525;-2.070.507;-749.800;-370.113;0;-772.731;1.522.052;
4;ITAU                                                  ;C;3;         ;12/1998;2.005.276;2.042.661;-32.110;130.494;161.592;-2.065.067;-355.058;-191.514;0;-668.552;1.027.722;
5;UNIBANCO                                              ;C;5;         ;12/1998;2.281.783;861.257;-30.120;172.725;85.629;-1.099.779;-590.463;-289.558;0;-368.748;1.022.726;
6;BANESPA                                               ;C;1;         ;12/1998;778.652;1.372.589;-6.016;41.662;58.596;-992.374;-53.075;-37.649;0;-51.985;1.110.400;
7;REAL;C;3;         ;12/1998;937.792;583.436;-25.341;178.894;52.718;-762.224;-212.525;0;0;-141.030;611.720;
8;BANRISUL                                              ;C;2;         ;12/1998;427.985;623.606;-14.026;16.062;66.792;-747.967;-51.311;-12.588;0;-35.095;273.458;
9;HSBC                                                  ;C;4;         ;12/1998;512.457;908.734;-10.810;23.228;71.385;-689.015;-104.169;-54.357;0;-80.965;576.488;
10;NOSSA CAIXA                                           ;I;2;         ;12/1998;468.209;1.260.658;-12.692;792;109.701;-899.604;-10.037;0;0;741;917.768;
11;SAFRA                                                 ;C;3;         ;12/1998;755.409;850.046;-129.020;87.632;29.081;-749.633;-301.022;-222.677;0;-7.254;312.562;
12;SANTANDER BRASIL;C;4;         ;12/1998;693.298;427.865;-10.989;11.448;96.434;-599.188;-191.988;-96.972;0;-118.058;211.850;
13;SUDAMERIS                                             ;C;4;         ;12/1998;902.537;413.132;-19.938;52.289;56.232;-660.179;-179.171;-190.526;0;-95.328;279.048;
14;ABN AMRO                                              ;C;4;         ;12/1998;841.730;246.636;-57.937;55.587;11.759;-306.709;-48.688;-328.699;0;-267.820;145.859;
15;CITIBANK                                              ;C;4;         ;12/1998;572.458;238.391;181.830;9.421;20.221;-222.162;-296.900;-75.254;0;-19.775;408.230;
16;BBA-CREDITANSTALT                                     ;C;5;         ;12/1998;323.877;447.442;126.151;10.452;20.045;-537.075;-248.851;-28.271;0;-61.021;52.749;
17;BANKBOSTON                                            ;C;4;         ;12/1998;427.009;647.443;-48.019;69.156;11.854;-331.406;-310.030;-85.818;0;-10.878;369.311;
18;MERCANTIL FINASA                                          ;C;3;         ;12/1998;481.419;231.113;-40.144;40.941;89.998;-439.419;-50.871;-159.495;0;-8.800;144.742;
19;BNB                                                   ;I;1;         ;12/1998;448.102;135.826;-4.378;11.872;15.634;-174.867;-286.086;0;0;-164.642;-18.539;
20;MERIDIONAL                                            ;C;4;         ;12/1998;327.640;202.678;82.315;18.024;23.822;-362.098;-113.218;-67.944;0;-53.238;57.981;
21;BILBAO VIZCAYA                                        ;C;4;         ;12/1998;317.173;233.584;-33.612;17.604;17.810;-296.301;-43.160;-58.270;0;-14.640;140.188;
22;BANDEIRANTES                                          ;C;4;         ;12/1998;513.299;201.406;-29.573;28.709;47.888;-368.343;-45.636;-87.374;0;-56.618;203.758;
23;BANESTADO                                             ;C;2;         ;12/1998;557.729;108.678;-24.524;26.899;46.150;-652.699;-102.073;-110.769;0;-283.733;-434.342;
24;BOAVISTA                                              ;C;5;         ;12/1998;208.651;264.964;-76.527;16.153;11.494;-279.707;-77.533;-21.251;0;104.448;150.692;
25;VOTORANTIM                                            ;C;3;         ;12/1998;77.906;457.045;37.961;0;14.023;-533.854;-10.767;-20.362;-1.597;-1.835;18.520;
26;LLOYDS                                                ;C;4;         ;12/1998;320.296;212.270;1.436;5.791;11.020;-223.376;-77.027;-19.719;0;-65.855;164.836;
27;CHASE;C;4;         ;12/1998;29.836;316.603;87.228;6.858;3.945;-76.698;-279.576;-173;0;2.472;90.495;
28;BBM                                                   ;C;3;         ;12/1998;33.788;199.115;37.989;6.763;3.808;-189.749;-46.509;-2.679;0;-4.344;38.182;
29;RURAL                                                 ;C;3;         ;12/1998;250.469;90.286;-11.814;17.773;6.917;-133.479;-3.671;-11.232;0;-38.646;166.603;
30;CSFB GARANTIA;C;4;         ;12/1998;4.079;177.916;32.180;0;285;-181.191;-12.243;0;-3.610;0;17.416;
31;PONTUAL                                               ;C;3;3;09/1998;139.369;24.452;-2.244;1.817;1.963;-82.919;-11.777;-48.425;0;-6.807;15.429;
32;ING                                                   ;C;4;         ;12/1998;21.709;341.785;-140.433;2.263;0;-168.017;-24.364;0;0;495;33.438;
33;BANEB                                                 ;I;2;2;12/1998;87.171;169.211;-1.963;0;6.648;-145.505;-6.590;0;-144;-22.144;86.684;
34;DRESDNER                                              ;C;4;         ;12/1998;73.749;102.332;-1.578;28.546;0;-15.233;-147.582;0;0;-3.875;36.359;
35;DEUTSCHE                                              ;C;4;         ;12/1998;74.351;273.644;35.964;6.285;0;-106.768;-228.513;0;0;498;55.461;
36;BIC                                                   ;C;3;         ;12/1998;201.866;56.119;-30.339;3.523;9.899;-106.164;-26.987;-13.054;0;-15.680;79.183;
37;BESC                                                  ;I;2;2;12/1998;214.913;117.197;-8.887;3.274;7.758;-167.437;-12.027;0;0;-184.387;-29.596;
38;JP MORGAN                                             ;C;4;         ;12/1998;16.496;209.771;13.345;4.001;7.387;-94.167;-50.597;0;0;0;106.236;
39;BMB                                                   ;I;3;2;12/1998;147.844;71.279;-14.776;767;10.470;-133.035;-7.245;0;0;-6.276;69.028;
40;BARCLAYS GALICIA                                             ;C;5;         ;12/1998;120.170;84.422;-23.321;4.011;26.094;-71.391;-43.244;0;0;1.085;97.826;
41;BMC                                                   ;C;3;         ;12/1998;140.618;49.468;-8.212;7.294;5.733;-90.471;-55.987;-9.113;0;-29.017;10.313;
42;CREDIBANCO                                            ;C;5;         ;12/1998;56.952;60.139;3.683;6.548;4.945;-76.613;-38.231;0;0;-19.538;-2.115;
43;BASA                                                  ;I;1;         ;12/1998;28.008;104.170;-1.352;0;-43;-59.918;-82.757;0;-8.312;-8.467;-28.671;
44;TOKYOMITSUBISHI                                       ;I;4;2;12/1998;34.734;71.143;-2.573;40.075;105;-27.063;-71.905;0;0;-2;44.514;
45;FIBRA                                                 ;C;3;         ;12/1998;219.497;60.153;8.605;1.422;4.323;-99.292;-38.545;-90.903;0;-11.898;53.362;
46;BMG                                                   ;C;3;         ;12/1998;291.010;82.993;-18.109;0;4.120;-101.241;-34.706;-160.187;-74;-19.220;44.586;
47;BEG                                                   ;I;2;2;12/1998;72.382;106.462;550;874;4.013;-123.972;-551;0;0;-18.598;41.160;
48;PACTUAL                                               ;C;5;         ;12/1998;18.357;239.852;-32.436;7.449;6.698;-235.691;-6.529;-5.178;0;1.005;-6.473;
49;BEAL                                                  ;I;4;2;12/1998;16.369;107.417;-1.779;12.097;2.143;-94.873;-18.177;0;0;-322;22.875;
50;BRB                                                   ;I;2;2;12/1998;117.668;33.926;-692;1.476;5.809;-70.565;-15.071;-3.701;0;-41.329;27.521;
51;BANESTES                                              ;I;2;2;12/1998;75.192;31.017;-2.772;1.884;5.629;-81.407;-2.456;0;0;4.063;31.150;
52;ABC-BRASIL                                            ;C;4;         ;12/1998;61.963;70.940;-39.184;7.283;2.309;-57.764;-32.016;0;0;281;13.812;
53;BNL                                                   ;I;4;2;12/1998;50.064;47.373;1.569;10.791;0;-39.316;-40.951;0;0;-6.290;23.240;
54;BEC                                                   ;C;2;         ;12/1998;77.226;1.516;-1.231;1.812;-131;-61.819;-18.252;0;0;-20.645;-21.524;
55;BANDEPE                                               ;I;4;2;12/1998;24.000;82.773;-102;152;1.990;-63.715;-5.777;0;0;-12.110;27.211;
56;SUMITBANK                                             ;I;4;         ;12/1998;42.686;35.655;69;16.211;0;-13.301;-58.427;0;0;570;23.463;
57;SANTOS                                                ;I;3;2;12/1998;79.450;68.494;-12.327;0;4.039;-103.576;-10.488;0;-2.778;-544;22.270;
58;SUL AMERICA                                           ;C;5;         ;12/1998;3.689;76.095;-7.235;0;1.688;-56.911;-10.373;0;-359;32;6.626;
59;AGF BRASEG;C;4;         ;12/1998;49.991;62.782;-324;1.542;1.975;-68.334;-19.101;-5.535;0;-21.359;1.637;
60;FININVEST                                             ;I;5;2;12/1998;176.028;11.921;-6.979;6;3.891;-55.243;0;0;0;-17;129.607;
61;INTER AMEX                                                  ;C;5;         ;12/1998;20.173;51.757;2.074;6.507;4.460;-32.521;-38.145;-1.746;0;-2.143;10.416;
62;SOGERAL;C;5;         ;12/1998;60.315;60.071;-1.785;12.469;1.718;-33.719;-61.393;-18.656;0;-25.727;-6.707;
63;RABOBANK                                              ;I;4;         ;12/1998;2.452;56.410;29.772;5.922;929;-10.555;-81.640;0;0;0;3.290;
64;BNP                                                   ;I;4;         ;12/1998;2.525;56.881;-4.004;9.330;1.823;-25.863;-28.982;0;0;0;11.710;
65;CREDITO SP                                            ;I;3;2;12/1998;53.822;24.644;-641;0;811;-32.753;-4.834;0;-302;-8.575;32.172;
66;BRASCAN                                               ;C;4;         ;12/1998;8.195;30.388;11.975;6.048;1.366;-33.366;-7.356;0;0;-174;17.076;
67;PANAMERICANO                                          ;I;3;2;12/1998;113.213;12.249;-2.452;0;2.535;-47.269;-411;0;-713;-25.365;51.787;
68;BEA                                                   ;I;2;         ;12/1998;40.738;5.342;0;84;2.049;-13.490;-3.776;0;0;-4.251;26.696;
69;SOFISA                                                ;C;3;         ;12/1998;55.491;14.609;-1.216;88;1.318;-23.613;-2.845;-12.641;0;-1.837;29.354;
70;BANPARA                                               ;I;2;         ;12/1998;31.424;30.535;0;240;1.702;-40.583;-2.745;0;0;159;20.732;
71;INDUSTRIAL DO BRASIL                                  ;C;3;         ;12/1998;25.993;18.535;2.383;585;0;-25.038;-5.793;-5.438;0;-1.881;9.346;
72;PEBB                                                  ;C;3;         ;12/1998;409;25.247;-17.424;0;0;-31.514;0;0;0;-68;-23.350;
73;CACIQUE                                               ;C;3;         ;12/1998;68.792;15.846;-19.469;0;172;-7.380;-282;0;-844;-22.550;34.285;
74;PINE                                                  ;C;3;         ;12/1998;32.334;10.990;-15.257;491;703;-13.609;-6.926;0;0;308;9.034;
75;BANESE                                                ;I;2;         ;12/1998;26.390;17.546;-24;0;2.041;-21.943;-1.551;0;0;-7.334;15.125;
76;BVA                                                   ;I;3;         ;12/1998;24.795;6.984;-378;0;0;-8.403;-10.864;0;0;-4.570;7.564;
77;BEM                                                   ;I;2;2;12/1998;42.260;1.482;0;3;964;-22.984;-1.010;0;0;2.303;23.018;
78;SCHAHIN                                               ;C;3;         ;12/1998;25.487;2.352;-2.404;436;0;-10.765;-7.969;-332;0;-2.378;4.427;
79;LA PROVINCIA                                          ;I;4;         ;12/1998;2.051;6.397;-115;11.333;0;-581;-12.398;0;0;-39;6.648;
80;TRIANGULO                                             ;I;3;         ;12/1998;20.997;6.307;-3.437;0;996;-15.023;0;0;0;-661;9.179;
81;PROSPER                                               ;C;3;         ;12/1998;10.084;13.478;-9.691;184;0;-6.127;-2.871;0;0;-142;4.915;
82;GUANABARA                                             ;I;3;         ;12/1998;30.929;1.874;2.847;0;265;-8.328;-5.548;-11.107;0;-413;10.519;
83;DAYCOVAL                                              ;I;3;2;12/1998;18.650;5.751;-2.965;84;363;-7.433;-635;0;0;-1.329;12.486;
84;MODAL                                                 ;I;3;2;12/1998;3.815;14.573;-4.628;0;0;-12.835;-15;0;0;0;910;
85;GE CAPITAL                                            ;I;3;         ;12/1998;42.843;528;0;0;13;-13.102;0;0;0;-22.106;8.176;
86;CLASSICO                                              ;I;3;         ;12/1998;0;16.308;0;0;0;0;0;0;0;0;16.308;
87;UBS WARBURG                                           ;C;4;         ;12/1998;745;39.063;4.168;0;0;-49.943;-1.170;0;-397;-6.844;-14.378;
88;PARAIBAN                                              ;I;2;         ;12/1998;6.420;8.521;0;0;0;-2.327;-38;0;0;-44;12.532;
89;WACHOVIA                                              ;I;4;         ;12/1998;1.461;2.747;0;3.179;0;-846;-4.010;0;0;0;2.531;
90;INVESTCRED                                            ;I;5;2;12/1998;3.142;9.302;0;0;0;-2.091;0;0;0;-170;10.183;
91;VR                                                    ;C;3;         ;12/1998;12.846;1.940;193;288;130;-5.059;-542;0;0;-355;9.441;
92;INTERCAP                                              ;I;3;2;12/1998;11.982;8.764;-3.151;0;1.830;-9.281;0;0;0;-464;9.680;
93;CRUZEIRO                                              ;I;3;2;12/1998;11.887;7.749;-551;0;70;-11.979;-1.263;0;0;-416;5.497;
94;AGROINVEST                                            ;I;5;2;12/1998;5.977;2.220;44;0;0;-2.354;-2.765;0;0;-1.216;1.906;
95;FICSA                                                 ;I;3;2;12/1998;37.271;3.051;-168;0;117;-6.189;0;0;0;-10.308;23.774;
96;BEPI                                                  ;I;2;         ;12/1998;9.627;649;0;0;1.270;-1.964;-1.216;0;0;-6.085;2.281;
97;ARAUCARIA                                             ;I;3;2;12/1998;7.983;3.380;17;5.744;0;-5.877;-506;0;0;-2.688;8.053;
98;BANCOOB                                               ;I;3;         ;12/1998;748;15.648;-635;0;115;-12.729;0;0;0;0;3.147;
99;CREDIBEL                                              ;I;3;2;12/1998;8.415;7.195;-326;94;118;-4.482;-401;0;0;-3.417;7.196;
100;FATOR                                                 ;C;3;         ;12/1998;0;11.004;1.703;0;0;-9.488;0;0;0;3;3.222;
101;LAVRA                                                 ;I;3;2;12/1998;9.368;1.384;-290;2.079;0;-6.227;-2.380;0;0;-4.694;-760;
102;PECUNIA                                               ;I;3;2;12/1998;19.739;1.453;-107;0;199;-5.153;0;0;0;-5.541;10.590;
103;INTERIOR                                              ;I;3;         ;12/1998;13.147;2.104;-104;0;26;-4.472;-288;0;0;-595;9.818;
104;BGN                                                   ;I;3;2;12/1998;4.113;3.050;434;0;0;-4.177;-281;0;0;-389;2.750;
105;PARANA                                                ;I;3;2;12/1998;10.960;1.736;-184;0;166;-5.748;0;0;0;-210;6.720;
106;BCOMURUGUAI                                           ;I;4;         ;12/1998;7.710;707;140;334;0;-1.732;-1.640;-95;0;-65;5.359;
107;RENNER                                                ;I;3;         ;12/1998;12.121;1.406;0;0;2;-3.363;0;0;0;-1.120;9.046;
108;MORADA                                                ;I;3;2;12/1998;7.505;1.149;-75;0;338;-3.180;-1.388;0;0;-1.366;2.983;
109;SANTOS NEVES                                          ;I;3;2;12/1998;6.225;416;-9;0;0;-2.616;-1.086;0;-1;-324;2.605;
110;BANCNACION                                            ;I;4;         ;12/1998;1.038;2.757;0;1.925;0;-215;-1.438;0;0;-2.265;1.802;
111;BANSICREDI                                            ;I;3;         ;12/1998;1.544;19.634;-16;0;0;-17.886;-108;0;0;-53;3.115;
112;UNION                                                 ;I;4;         ;12/1998;3.289;1.315;-90;195;0;-1.710;-290;0;0;2.392;5.101;
113;RIBEIRAO PRETO                                        ;I;3;         ;12/1998;6.423;578;-266;0;0;-1.711;-924;0;0;-591;3.509;
114;LUSO BRASILEIRO                                       ;I;3;         ;12/1998;7.044;1.484;-137;0;0;-3.387;-477;0;0;-942;3.585;
115;CEDULA                                                ;I;3;         ;12/1998;5.710;1.983;19;0;19;-4.567;0;0;0;-15;3.149;
116;EXTERIBANK                                            ;I;4;         ;12/1998;1.075;3.427;0;87;0;-808;0;0;0;-14;3.767;
117;GERDAU                                                ;I;3;2;12/1998;7.678;696;-584;0;15;-4.071;0;0;0;-74;3.660;
118;THECA                                                 ;C;3;         ;12/1998;0;980;-5;0;0;-203;0;0;0;-11;761;
119;MATONE                                                ;I;3;2;12/1998;8.368;1.238;-8;0;3;-2.936;0;0;0;-2.086;4.579;
120;OPPORTUNITY                                           ;I;3;2;12/1998;0;30.418;0;0;0;-27.117;0;0;0;0;3.301;
121;BONSUCESSO                                            ;I;3;2;12/1998;4.264;929;-334;0;0;-2.164;0;0;0;-577;2.118;
122;PRIMUS;C;3;         ;12/1998;26;3.860;-964;14;0;-1.927;0;0;0;0;1.009;
123;DESTAK                                                ;I;3;2;12/1998;708;2.989;271;0;0;-1.460;0;0;0;128;2.636;
124;PLANIBANC                                             ;C;5;         ;12/1998;0;783;100;0;0;0;-18;0;0;0;865;
125;LA REPUBLICA                                          ;I;4;         ;12/1998;1.911;131;0;782;0;-1;-195;0;0;-9.170;-6.542;
126;BANER                                                 ;I;2;         ;12/1998;388;299;0;0;0;-4;-3.727;0;0;-663;-3.707;
127;BANCAP                                                ;I;3;2;12/1998;1.075;1.035;0;0;0;-2;0;0;0;-598;1.510;
128;HISPANO                                               ;I;4;         ;12/1998;0;954;0;0;0;0;0;0;0;0;954;
Total 50 Maiores Bancos (Consolidado Bancario I)            ;;;;;;33.784.244;24.955.351;-1.325.983;1.725.845;2.585.277;-28.550.257;-11.166.994;-2.995.227;-13.737;-5.871.153;13.127.366;
% de Participacao 50 maiores Bancos (Consolidado Bancario I);;;;;;80,0%;85,0%;87,0%;89,0%;90,0%;86,0%;73,0%;69,0%;66,0%;89,0%;85,0%;
Total demais Bancos (Consolidado Bancario I)                ;;;;;;1.664.399;1.205.778;-106.270;108.206;50.036;-1.331.629;-511.981;-55.550;-5.394;-245.639;771.956;
Total Consolidado Bancario I ( 128  Instituicoes )          ;;;;;;35.448.643;26.161.129;-1.432.253;1.834.051;2.635.313;-29.881.886;-11.678.975;-3.050.777;-19.131;-6.116.792;13.899.322;
% de Participacao Consolidado Bancario I                    ;;;;;;84,0%;89,0%;94,0%;95,0%;92,0%;90,0%;76,0%;70,0%;92,0%;93,0%;90,0%;
1;BNDES                                                 ;I;1;         ;12/1998;2.352.137;475.003;40.773;430;0;-492;-2.745.347;0;0;21.226;143.730;
2;FIAT;C;4;         ;12/1998;665.823;46.809;-1.983;0;41.794;-276.271;-24.973;-292.349;0;-10.118;148.732;
3;CCF BRASIL                                            ;C;4;         ;12/1998;104.402;417.048;-85.330;46.956;2.184;-378.742;-80.836;-33.486;0;-885;-8.689;
4;BRI;C;3;         ;12/1998;329.190;116.315;-2.125;0;10.363;-211.224;-27.357;-139.453;0;-26.492;49.217;
5;GM                                                    ;C;4;         ;12/1998;501.679;9.426;-12.040;3;4.809;-168.993;-35.163;-192.947;0;-42.065;64.709;
6;FORD                                                  ;C;4;         ;12/1998;475.396;2.331;-257;0;0;-116.425;-37.305;-190.318;0;-50.478;82.944;
7;VOLKSWAGEN                                            ;C;4;         ;12/1998;421.977;3.795;0;0;0;-127.123;-16.189;-169.069;0;-51.470;61.921;
8;BRDE                                                  ;I;2;         ;12/1998;130.086;30.672;565;0;0;-8;-96.379;-235;0;-72.867;-8.166;
9;BANCOCIDADE                                           ;C;3;         ;12/1998;135.075;145.912;-26.084;15.033;16.525;-176.946;-31.595;-27.738;0;-12.764;37.418;
10;ICATU                                                 ;C;3;         ;12/1998;1.318;268.970;38.524;277;1.822;-273.134;-8.335;0;0;0;29.442;
11;REPUBLIC NATION                                       ;C;4;         ;12/1998;4.865;98.096;3.402;0;49.126;-27.424;-101.159;0;-508;0;26.398;
12;DESENBANCO                                            ;I;2;         ;12/1998;22.968;33.461;0;0;0;-709;-26.229;0;0;-4.344;25.147;
13;MATRIX                                                ;C;3;         ;12/1998;5.593;78.654;5.701;0;0;-62.168;-7.658;0;-237;-330;19.555;
14;MULTI                                                 ;I;4;         ;12/1998;47.096;67.964;24.716;17.232;1.009;-25.252;-82.888;0;0;-2.159;47.718;
15;CREFISUL                                              ;C;3;         ;12/1998;78.186;-4.736;-19.464;592;8.068;-57.645;-2.944;-3.160;0;4.503;3.400;
16;BDMG                                                  ;I;2;         ;12/1998;83.239;13.539;0;0;0;-269;-27.734;0;0;-44.619;24.156;
17;FONTE                                                 ;C;3;         ;12/1998;4.598;135.021;-44.240;5.540;91;-132.714;-616;0;0;1.714;-30.606;
18;LIBERAL;C;4;         ;12/1998;168;114.483;-30.810;1.962;0;-50.393;-28.694;0;0;0;6.716;
19;BADESC                                                ;I;2;         ;12/1998;21.775;421;0;0;0;-12;-16.798;0;0;1.790;7.176;
20;PATRIMONIO                                            ;I;3;         ;12/1998;0;36.507;-4.784;446;296;-29.946;-754;0;0;0;1.765;
21;BANDES                                                ;I;2;2;12/1998;8.778;15.835;700;0;0;-590;-10.800;0;0;-3.997;9.926;
22;BRJ                                                   ;I;3;         ;12/1998;24.181;197;-60;15;15.758;-82;-29.246;0;0;-247;10.516;
23;INDUSVAL                                              ;C;3;         ;12/1998;16.237;896;-1.577;834;451;-12.788;-359;0;0;-3.918;-224;
24;EUROINVEST                                            ;I;5;2;12/1998;954;7.215;0;0;0;-11.657;-1.515;0;0;35;-4.968;
25;MARKA                                                 ;I;3;         ;12/1998;308;10.650;17.951;327;0;-15.734;-93;0;0;-1;13.408;
26;EQUATORIAL                                            ;I;3;2;12/1998;5.427;11.332;-874;0;630;-9.906;0;0;0;-564;6.045;
27;MERRILL LYNCH                                         ;C;4;         ;12/1998;0;6.513;10.414;0;0;-3.653;0;0;0;0;13.274;
28;TRANSBANCO                                            ;I;3;2;12/1998;10.622;3.555;0;0;0;-1.808;-7.131;0;0;19.425;24.663;
29;PORTO SEGURO                                          ;I;3;3;07/1997;4;1.873;0;0;0;-2.117;0;0;0;0;-240;
30;FENICIA                                               ;C;3;         ;12/1998;16.886;-64;8.426;250;0;-5.414;-660;-44;0;-33.752;-14.372;
31;RENDIMENTO                                            ;I;3;         ;12/1998;9.000;4.698;6.762;0;317;-6.699;-670;0;-59;-3.138;10.211;
32;STOCK;C;3;         ;12/1998;395;49.794;-20;0;0;-51.207;0;0;0;-837;-1.875;
33;ARBI                                                  ;C;3;         ;12/1998;2.623;3.512;16;0;0;-3.535;-472;0;-9;1.000;3.135;
34;TENDENCIA                                             ;C;3;         ;12/1998;6;165;-27;30;0;-1.942;-4;0;0;0;-1.772;
35;SOCOPA                                                ;C;3;         ;12/1998;6.243;4.244;-2.125;1.059;0;-4.957;-1.033;0;0;-403;3.028;
36;PATENTE                                               ;C;3;         ;12/1998;176;43.509;911;115;0;-40.788;0;0;0;-76;3.847;
37;PORTO REAL                                            ;I;3;         ;12/1998;11.347;1.123;-1.093;0;381;-4.765;-19;0;0;-590;6.384;
38;BANCO AXIAL                                           ;I;3;2;12/1998;6;12.503;-13.184;0;61;-8.435;0;0;0;0;-9.049;
39;BOREAL                                                ;I;3;2;12/1998;574;-444;-1.476;9;0;-3.136;0;0;0;-1.553;-6.026;
40;GRAPHUS                                               ;C;4;         ;12/1998;20;6.577;-54;112;0;-4.649;-175;0;0;61;1.892;
41;REDE                                                  ;I;3;         ;12/1998;3.875;96;-672;0;0;-2.772;-829;0;0;-2.611;-2.913;
42;HEXABANCO                                             ;I;3;         ;12/1998;5.265;548;-901;0;287;-4.666;0;0;0;-973;-440;
43;INTERPART                                             ;I;3;         ;12/1998;4.828;-236;-80;0;0;-1.144;-1.652;0;0;-2.319;-603;
44;TRICURY                                               ;I;3;         ;12/1998;5.305;2.365;-37;0;0;-2.817;0;0;0;-3;4.813;
45;OURINVEST                                             ;C;3;         ;12/1998;9.273;4.430;-639;0;0;-1.081;-1.575;0;-761;433;10.080;
46;BCO MERCANTIL INVS                                            ;I;3;2;12/1998;3.940;-1.650;0;0;0;-178;-725;0;0;-794;593;
47;BANACRE                                               ;I;2;         ;12/1998;2.696;88;0;0;131;-22.628;-67;0;0;493;-19.287;
48;EMBLEMA                                               ;I;3;2;12/1998;529;2.831;-194;0;0;-2.253;-42;0;0;-68;803;
49;INDUSCRED                                             ;I;3;         ;12/1998;6.768;976;0;0;0;-1.793;0;0;0;686;6.637;
50;EXPRINTER LOSAN                                       ;I;5;2;12/1998;7.718;1.184;-1.000;0;0;-932;0;0;0;-5.019;1.951;
51;NACOES                                                ;I;3;         ;12/1998;5.354;1.673;-214;0;0;-3.553;-256;0;0;1.180;4.184;
52;KEB                                                   ;I;4;         ;12/1998;0;2.489;0;38;0;-21;0;0;0;0;2.506;
53;MALCON                                                ;I;3;2;12/1998;3.496;744;0;0;0;-660;0;0;0;-1.022;2.558;
54;FICRISA AXELRUD                                       ;I;3;         ;12/1998;4.132;580;0;0;0;-929;-1;0;0;-1.551;2.231;
55;POTTENCIAL                                            ;I;3;         ;12/1998;1.912;274;-37;0;0;-380;-559;0;0;-100;1.110;
56;HNF                                                   ;I;3;2;12/1998;312;10;0;0;0;-145;0;0;0;422;599;
57;MAXINVEST                                             ;I;3;         ;12/1998;2.062;979;0;0;0;-1.246;0;0;0;-38;1.757;
58;FINANSINOS                                            ;I;3;2;12/1998;2.192;553;0;0;0;-677;0;0;0;-716;1.352;
59;MISASI                                                ;C;3;         ;12/1998;1.364;555;0;0;0;-795;0;0;0;0;1.124;
60;MINAS                                                 ;I;3;         ;12/1998;762;1.257;-13;0;0;-905;0;0;0;-1.245;-144;
61;PRIME                                                 ;I;3;2;12/1998;15;310;-628;0;0;-776;-2;0;0;0;-1.081;
62;OK                                                    ;I;3;         ;12/1998;2.656;288;0;0;0;-70;0;0;0;-71;2.803;
63;PERFORMANCE                                           ;I;3;         ;12/1998;37;51;68;0;0;-80;0;0;0;0;76;
64;SINTESE                                               ;I;3;         ;12/1998;0;1.203;-9;0;0;0;0;0;0;0;1.194;
65;TECNICORP                                             ;I;3;2;12/1998;2.133;49;0;0;0;-676;0;0;0;-1.662;-156;
66;ROYAL INVEST                                          ;I;3;2;12/1998;204;329;6;0;0;-1;0;0;0;-385;153;
67;INVESTOR                                              ;C;3;         ;12/1998;0;7;38;0;0;0;-708;0;0;0;-663;
68;STERLING                                              ;I;5;         ;12/1998;7;-4;0;0;0;-435;0;0;0;0;-432;
Total 5 Maiores Bancos (Consolidado Bancario II)            ;;;;;;3.953.231;1.064.601;-60.705;47.389;59.150;-1.035.722;-2.913.676;-658.235;0;-58.334;397.699;
% de Participacao 5 maiores Bancos (Consolidado Bancario II);;;;;;9,0%;4,0%;4,0%;2,0%;2,0%;3,0%;19,0%;15,0%;0,0%;1,0%;3,0%;
Total demais Bancos (Consolidado Bancario II)               ;;;;;;1.622.962;1.230.752;-32.353;43.871;94.953;-1.325.643;-543.870;-390.564;-1.574;-274.942;423.592;
Total Consolidado Bancario II ( 68  Instituicoes )          ;;;;;;5.576.193;2.295.353;-93.058;91.260;154.103;-2.361.365;-3.457.546;-1.048.799;-1.574;-333.276;821.291;
% de Participacao Consolidado Bancario II                   ;;;;;;13,0%;8,0%;6,0%;5,0%;5,0%;7,0%;22,0%;24,0%;8,0%;5,0%;5,0%;
Total Consolidado Bancario III ( 1110  Instituicoes )       ;;;;;;339.720;94.901;36;0;766;-125.586;-47.280;0;0;-37.725;224.832;
% de Participacao Consolidado Bancario III                  ;;;;;;1,0%;0,0%;0,0%;0,0%;0,0%;0,0%;0,0%;0,0%;0,0%;1,0%;1,0%;
Total Consolidado Nao Bancario ( 392  Instituicoes )        ;;;;;;819.571;827.802;-6.009;3.464;76.125;-764.555;-191.439;-249.713;-20;-73.957;441.269;
% de Participacao Consolidado Nao Bancario                  ;;;;;;2,0%;3,0%;0,0%;0,0%;3,0%;2,0%;1,0%;6,0%;0,0%;1,0%;3,0%;
Total do Sistema Financeiro Nacional                        ;;;;;;42.184.127;29.379.185;-1.531.284;1.928.775;2.866.307;-33.133.392;-15.375.240;-4.349.289;-20.725;-6.561.750;15.386.714;
Fonte: Sisbacen
TD (Tipo de Documento): C - Conglomerado, I - Instituição Independente
TC (Tipo de Controle): 1 - Público Federal, 2 - Público Estadual, 3 - Privado Nacional, 4 - Privado Controle Estrangeiro, 5 - Privado Participação Estrangeira
Obs.: 1 - Excepcionalidades ao cumprimento de limites - Vide Relatório
      2 - Instituições líderes do conglomerado bancário não optante pela consolidação mensal de balancetes.
       3 - O banco PONTUAL                                                descumpriu o prazo de entrega de documentos contábeis estabelecido pelos normativos em vigor.
