50 Maiores Bancos e o Consolidado do Sistema Financeiro Nacional
PASSIVOS
Data-base: Dezembro/1994;;;;;;;;;;;;;;;;;;;Balancetes processados até: 31/08/2005

;;;;;;;;;;;;;;;;;;;;Em R$ Mil
PASSIVOS;;;;;;;;;;;;;;;;;;;;Patrimônio;Lucro
Ranking;Instituições;TD;TC;Obs.;Data;Passivo;Depósitos;;;;;;Captações no;Recursos de Aceites;Relações;Relações;Obrigações por;Instrumentos Financeiros;Outras Obrigações e;Líquido;Líquido
;;;;;Balancete;Exigível;À Vista;Poupança;Interfinanceiros;A Prazo;Outros;Total;Mercado Aberto;e Emissão de Títulos;Interfinanceiras;Interdependências;Empréstimos e Repasses;Derivativos;Exercícios Futuros
1   ;BB                                                    ;I;1  ;2        ;12/1994;58.857.168;3.736.116;8.068.116;3.622.942;8.799.899;499.251;24.726.324;6.680.154;0;47.157;662.697;19.450.767;0;7.290.069;5.752.768;0;
2   ;CEF                                                   ;I;1  ;         ;12/1994;51.232.986;529.386;9.628.559;379.172;18.004.500;5.835.893;34.377.510;510.509;2.463.571;113.051;320.686;1.658.756;0;11.788.902;1.708.671;196.850;
3   ;BANESPA                                               ;I;2  ;2        ;12/1994;24.710.078;1.274.650;1.866.235;1.782.299;4.323.283;27.741;9.274.208;143.238;0;2.780;51.539;12.402.293;0;2.836.020;1.225.223;0;
4   ;BRADESCO                                              ;I;3  ;2        ;12/1994;14.673.605;2.071.268;5.317.150;18.276;2.524.186;340.915;10.271.794;777.682;24.764;3.434;131.142;2.068.143;0;1.396.646;3.667.640;0;
5   ;ITAU                                                  ;I;3  ;2        ;12/1994;11.188.249;1.469.372;4.289.023;1.108.526;491.959;248.200;7.607.079;197.906;0;88.514;91.593;1.896.346;0;1.306.812;2.574.780;0;
6   ;BAMERINDUS                                            ;I;3  ;2        ;12/1994;10.841.474;927.688;2.287.650;812.633;2.687.662;66.855;6.782.488;295.562;11.270;1.512;208.453;1.881.616;0;1.660.574;1.008.180;0;
7   ;UNIBANCO                                              ;I;5  ;2        ;12/1994;9.190.540;390.991;1.063.724;418.257;3.058.144;128.512;5.059.627;177.791;43.334;33.838;63.293;2.634.627;0;1.178.030;943.523;0;
8   ;SAFRA                                                 ;I;3  ;2        ;12/1994;5.578.809;22.271;386.795;421.563;2.264.869;5.383;3.100.880;8.394;0;1.389;14.191;761.185;0;1.692.769;439.382;0;
9   ;NOSSA CAIXA                                           ;I;2  ;         ;12/1994;5.381.188;184.316;2.144.738;45.504;1.586.184;52.234;4.012.976;120.490;280.762;25;2.377;449.053;0;515.506;537.922;0;
10  ;REAL                                                  ;I;3  ;2        ;12/1994;5.330.295;443.334;0;816.808;1.493.208;26.256;2.779.606;376.646;0;31.280;66.101;1.019.311;0;1.057.350;550.697;0;
11  ;BCN                                                   ;I;3  ;2        ;12/1994;6.128.728;54.605;436.095;669.452;2.199.659;12.592;3.372.403;1.529.164;0;16.245;26.291;496.189;0;688.435;567.230;0;
12  ;CREDIREAL                                             ;I;2  ;2        ;12/1994;4.989.551;47.039;94.560;307.478;225.119;1.990;676.186;84.702;0;1.041;1.387;4.133.536;0;92.699;95.598;0;
13  ;BANRISUL                                              ;I;2  ;2        ;12/1994;3.677.556;213.782;385.069;140.773;614.200;11.802;1.365.626;55.179;0;2.144;18.845;2.073.360;0;162.403;311.074;0;
14  ;BANERJ                                                ;I;2  ;2        ;12/1994;4.894.339;237.415;679.026;12.364;792.174;90.194;1.811.173;71.365;3.142;7;59.076;1.998.705;0;950.869;-1.032.216;0;
15  ;BNB                                                   ;I;1  ;         ;12/1994;3.484.628;126.327;98.902;13.009;303.182;300;541.720;11.601;0;54.916;289;1.212.683;0;1.663.419;326.681;0;
16  ;BANESTADO                                             ;I;2  ;2        ;12/1994;3.224.085;186.400;574.943;288.258;854.074;36.929;1.940.604;0;358;6.078;10.495;694.099;0;572.449;312.899;0;
17  ;SUDAMERIS                                             ;I;4  ;2        ;12/1994;2.733.792;105.953;345.456;302.639;940.317;7.519;1.701.885;35.880;0;2.067;15.178;735.646;0;243.136;286.505;0;
18  ;BFB                                                   ;I;4  ;2        ;12/1994;2.591.439;31.006;217.115;263.014;275.564;4.916;791.617;137.219;0;19.187;29.566;1.261.480;0;352.370;443.727;0;
19  ;LLOYDSBANK                                            ;I;4  ;2        ;12/1994;3.172.588;4.331;0;302.554;329.467;712;637.064;644.384;0;34.774;4.179;912.716;0;939.472;194.389;0;
20  ;MERCAPAULO                                            ;I;3  ;2        ;12/1994;1.876.623;43.124;418.850;46.205;1.024.595;11.374;1.544.148;25.103;232;2.858;11.619;150.400;0;142.263;647.235;0;
21  ;BOZANO SIMONSEN                                       ;I;5  ;2        ;12/1994;2.240.198;10.811;0;239.580;365.732;172;616.295;179.882;0;0;274;389.183;0;1.054.565;219.285;0;
22  ;BEMGE                                                 ;I;2  ;2        ;12/1994;2.014.665;215.787;329.831;111.199;668.726;4.655;1.330.198;16.860;0;6.303;35.091;165.974;0;460.238;242.882;0;
23  ;AMERICA DO SUL                                        ;I;5  ;2        ;12/1994;1.995.633;155.080;276.273;100.046;734.738;30.275;1.296.411;41.684;0;9.092;38.053;402.804;0;207.589;258.542;0;
24  ;BOAVISTA                                              ;I;3  ;2        ;12/1994;3.293.015;41.250;63.363;86.327;903.791;1.839;1.096.568;1.348.667;0;1.688;6.276;390.502;0;449.314;174.075;0;
25  ;CITIBANK N.A.                                         ;I;4  ;2        ;12/1994;1.913.997;57.036;0;187.380;674.744;7.263;926.423;127.779;0;3.652;69.126;379.015;0;408.003;235.175;0;
26  ;MERIDIONAL                                            ;I;1  ;2        ;12/1994;1.467.348;39.889;406.501;6.056;601.602;12.709;1.066.757;18.818;0;45;2.270;230.073;0;149.386;354.903;0;
27  ;BOSTON                                                ;I;4  ;2        ;12/1994;1.542.836;0;2;71.623;1.154.596;0;1.226.221;0;0;0;0;116.347;0;200.268;143.706;0;
28  ;ABN AMRO                                              ;I;4  ;2        ;12/1994;1.539.261;1.707;0;202.277;596.762;379;801.124;62.162;0;7.703;1.086;421.296;0;245.890;140.770;0;
29  ;BANDEIRANTES                                          ;I;3  ;2        ;12/1994;1.869.178;46.050;255.015;187.889;594.877;6.477;1.090.308;418.563;13.663;10.590;11.150;168.030;0;156.875;174.093;0;
30  ;BANK OF BOSTON                                        ;I;4  ;2        ;12/1994;1.322.229;32.978;0;154.484;191.686;4.681;383.830;58.925;0;8.888;4.046;276.146;0;590.394;100.348;0;
31  ;PACTUAL                                               ;I;3  ;2        ;12/1994;1.014.400;0;0;27.612;194.536;0;222.147;9.955;0;0;166;103.477;0;678.655;139.861;0;
32  ;BMB                                                   ;I;3  ;2        ;12/1994;895.348;77.210;150.001;63.842;468.707;1.122;760.882;6.518;0;7.601;3.514;52.238;0;64.595;245.814;0;
33  ;BMC                                                   ;I;3  ;2        ;12/1994;961.699;1.804;1;59.477;430.055;64;491.401;5.809;0;1;915;307.550;0;156.023;155.406;0;
34  ;BANEB                                                 ;I;2  ;2        ;12/1994;986.251;79.335;218.246;42.234;146.039;15.432;501.287;71.400;0;0;130;348.103;0;65.332;129.047;0;
35  ;EXCEL                                                 ;I;4  ;2        ;12/1994;951.353;3.780;0;59.749;565.266;0;628.796;7.006;0;3.707;536;209.939;0;101.369;117.656;0;
36  ;CHASE MANHATTAN                                       ;I;4  ;2        ;12/1994;866.861;3.137;0;23.916;111.163;877;139.093;11.245;0;0;625;222.941;0;492.957;150.158;0;
37  ;PONTUAL                                               ;I;3  ;2        ;12/1994;927.160;1.308;0;22.622;298.826;19;322.775;26.780;0;0;92;221.882;0;355.632;96.917;0;
38  ;VOTORANTIM                                            ;I;3  ;         ;12/1994;906.326;0;0;110.424;260.354;0;370.777;128.351;0;0;0;72.589;0;334.609;85.660;0;
39  ;DIBENS                                                ;I;3  ;2        ;12/1994;887.093;3.607;0;205.242;351.489;36;560.373;36.844;0;10.102;905;154.741;0;124.127;106.641;0;
40  ;RURALMINAS                                            ;I;3  ;2        ;12/1994;904.587;1.763;5.185;150.139;286.109;293;443.488;70.232;0;9;15;81.136;0;309.707;83.170;0;
41  ;CREDIBANCO                                            ;I;5  ;2        ;12/1994;836.476;14;0;23.456;90.153;10;113.633;0;0;0;0;530.828;0;192.015;121.650;0;
42  ;BRB                                                   ;I;2  ;2        ;12/1994;781.632;154.951;120.350;0;149.648;58.325;483.274;15.228;17.736;8;57;155.591;0;109.738;190.793;0;
43  ;BIC                                                   ;I;3  ;2        ;12/1994;839.081;4.853;82.810;27.109;329.620;1.107;445.498;18.620;0;27.027;97;198.698;0;149.141;106.235;0;
44  ;VEGA                                                  ;I;3  ;2        ;12/1994;895.775;53;0;6.708;7.823;0;14.585;964;0;1;865.994;1.414;0;12.818;13.880;0;
45  ;BANGERAL                                              ;I;3  ;2        ;12/1994;774.168;34.808;0;108.911;459.911;648;604.278;7.443;0;3;4.473;118.630;0;39.340;91.834;0;
46  ;BESC                                                  ;I;2  ;2        ;12/1994;804.315;166.145;0;94.788;89.958;2.306;353.197;273.345;0;141;798;59.373;0;117.460;128.760;0;
47  ;BMG                                                   ;I;3  ;2        ;12/1994;749.737;1.260;0;186.240;344.561;0;532.061;8.895;0;0;10;90.491;0;118.281;87.049;0;
48  ;GARANTIA                                              ;I;3  ;2        ;12/1994;772.182;0;0;103.809;203.396;0;307.205;0;0;0;0;0;0;464.978;42.825;0;
49  ;SOGERAL                                               ;I;5  ;2        ;12/1994;746.560;6;0;26.484;219.068;142;245.700;26.619;0;0;1.911;199.991;0;272.339;71.498;0;
50  ;BASA                                                  ;I;1  ;         ;12/1994;728.286;202.105;38.457;0;40.582;598;281.742;3.167;0;102;1.336;90.658;0;351.280;52.007;0;
51  ;DEUTSCHE                                              ;I;4  ;         ;12/1994;627.239;1.148;0;29.378;61.130;0;91.656;800;0;0;12.358;275.501;0;246.923;65.504;0;
52  ;BANESTES                                              ;I;2  ;2        ;12/1994;610.661;96.485;180.208;0;144.084;4.954;425.731;32.479;0;7;3.429;85.273;0;63.743;66.395;0;
53  ;BEC                                                   ;I;2  ;2        ;12/1994;504.528;44.718;64.097;888;34.032;4.927;148.661;26.573;80.488;0;49;145.375;0;103.381;54.688;0;
54  ;MORGAN                                                ;I;4  ;2        ;12/1994;463.154;6;0;1.914;137.128;0;139.048;7.143;0;0;0;14.448;0;302.514;62.796;0;
55  ;FIBRA                                                 ;I;3  ;2        ;12/1994;431.249;1.894;0;68.192;86.982;0;157.067;3.362;0;5.521;0;68.346;0;196.952;70.697;0;
56  ;BANDEPE                                               ;I;2  ;2        ;12/1994;370.852;114.608;81.831;320;69.406;4.070;270.235;72;7.450;0;1.491;46.930;0;44.673;115.189;0;
57  ;ABC-ROMA                                              ;I;5  ;2        ;12/1994;406.307;9;0;16.266;191.620;0;207.895;220;0;0;10;128.950;0;69.231;77.278;0;
58  ;DEUTSCH                                               ;I;4  ;         ;12/1994;383.110;356;0;26.759;15.065;0;42.180;2.413;0;0;165;284.323;0;54.029;71.212;0;
59  ;BNL                                                   ;I;4  ;2        ;12/1994;361.130;28;0;9.234;71.788;731;81.780;1.101;0;2.616;593;148.348;0;126.691;67.695;0;
60  ;CITIBANK                                              ;I;4  ;2        ;12/1994;286.326;0;106.556;0;128.202;0;234.758;0;0;0;0;0;0;51.568;141.328;0;
61  ;NEDERLANDEN                                           ;I;4  ;         ;12/1994;337.171;2.097;0;5.298;41.227;0;48.622;10.602;0;0;1.088;126.861;0;149.997;75.954;0;
62  ;SUMITBANK                                             ;I;4  ;         ;12/1994;302.721;1.239;0;14.427;63.324;338;79.329;0;0;0;1.561;202.582;0;19.250;92.611;0;
63  ;BMD                                                   ;I;3  ;2        ;12/1994;356.256;12.130;0;17.820;130.542;142;160.634;0;0;2;3.675;50.875;0;141.070;34.755;0;
64  ;BEG                                                   ;I;2  ;2        ;12/1994;311.408;72.598;29.819;4.007;47.009;5.630;159.063;67.561;0;1;679;19.193;0;64.911;58.935;0;
65  ;CACIQUE                                               ;I;3  ;         ;12/1994;335.067;862;0;4.931;44.734;0;50.527;113.509;0;1.775;0;30.121;0;139.134;22.341;0;
66  ;SRL                                                   ;I;5  ;         ;12/1994;281.392;0;0;228;26.287;0;26.515;18.961;0;0;0;12.335;0;223.581;47.790;0;
67  ;BEAL                                                  ;I;4  ;2        ;12/1994;256.161;19;0;27.114;13.788;3;40.923;700;0;4;2.906;177.831;0;33.797;50.810;0;
68  ;AGRIMISA                                              ;I;3  ;2        ;12/1994;219.984;661;0;4.469;42.155;34;47.319;8.972;0;686;81;32.962;0;129.965;29.653;0;
69  ;SUL AMERICA                                           ;I;5  ;2        ;12/1994;169.933;1.398;0;1.377;12.508;0;15.283;9.945;0;6.065;0;78.351;0;60.289;66.655;0;
70  ;FININVEST                                             ;I;5  ;2        ;12/1994;206.545;142;0;23.703;125.653;483;149.981;1.057;0;0;950;8.313;0;46.244;27.606;0;
71  ;BANFORT                                               ;I;3  ;2        ;12/1994;191.984;3.103;0;17.514;115.218;161;135.996;0;0;364;0;25.779;0;29.846;40.116;0;
72  ;MITSUBISHI                                            ;I;4  ;2        ;12/1994;140.144;255;0;3.305;51.063;82;54.706;215;0;0;1.406;59.830;0;23.986;81.273;0;
73  ;BEA                                                   ;I;2  ;2        ;12/1994;167.963;23.429;25.134;0;32.032;965;81.560;5.401;0;9;166;67.162;0;13.665;26.032;0;
74  ;BANPARA                                               ;I;2  ;2        ;12/1994;136.040;23.569;22.744;4.149;15.764;3.992;70.218;754;0;0;334;46.682;0;18.052;56.505;0;
75  ;PORTUGUES                                             ;I;4  ;         ;12/1994;161.748;255;0;77.461;7.552;108;85.375;0;0;0;0;61.670;0;14.702;28.159;0;
76  ;SANTOS                                                ;I;3  ;2        ;12/1994;154.872;657;0;1.724;34.556;0;36.937;106.322;0;12;0;1.100;0;10.501;15.608;0;
77  ;INVESTCRED                                            ;I;3  ;2        ;12/1994;149.540;0;0;48.166;29.121;0;77.287;3.347;0;0;0;0;0;68.906;20.880;0;
78  ;OMEGA                                                 ;I;3  ;2        ;12/1994;138.542;256;0;10.735;36.854;0;47.845;71.342;0;0;4;7.644;0;11.707;38.593;0;
79  ;CREDITO SP                                            ;I;3  ;2        ;12/1994;122.899;771;0;33.439;53.854;0;88.065;11.691;0;0;613;5.467;0;17.063;43.269;0;
80  ;SOFISA                                                ;I;3  ;2        ;12/1994;118.500;920;0;42.163;44.874;0;87.958;225;0;0;5.438;1.744;0;23.135;30.215;0;
81  ;PRODUBAN                                              ;I;2  ;2        ;12/1994;112.018;25.320;20.690;4.000;19.490;1.810;71.310;1.041;0;23;192;28.800;0;10.652;23.496;0;
82  ;BEM                                                   ;I;2  ;2        ;12/1994;92.916;22.138;20.155;0;14.543;1.525;58.361;7.997;0;3;82;15.181;0;11.292;35.826;0;
83  ;PANAMERICANO                                          ;I;3  ;2        ;12/1994;108.514;1.413;0;30.246;41.518;0;73.177;13;0;0;0;2.698;0;32.626;16.826;0;
84  ;BANESE                                                ;I;2  ;         ;12/1994;108.126;21.826;35.072;0;26.294;0;83.192;5.076;0;0;0;10.950;0;8.908;13.567;0;
85  ;AGF                                                   ;I;5  ;         ;12/1994;87.086;0;0;3.339;78.187;0;81.526;870;0;0;0;3.140;0;1.550;17.080;0;
86  ;BBC                                                   ;I;3  ;2        ;12/1994;97.567;15.417;15.363;1.767;29.508;61;62.117;10.121;0;0;632;13.252;0;11.445;16.009;0;
87  ;BANSANDER                                             ;I;4  ;         ;12/1994;83.698;2;0;1.813;52.913;0;54.728;0;0;0;0;1.332;0;27.638;17.090;0;
88  ;SCHAHIN CURY                                          ;I;3  ;2        ;12/1994;86.385;184;0;1.055;40.508;17;41.765;4.924;0;0;1;21.581;0;18.115;15.036;0;
89  ;FINANCIAL                                             ;I;4  ;         ;12/1994;65.953;1.276;0;0;2.855;0;4.131;200;0;0;101;54.515;0;7.006;26.961;0;
90  ;TRIANGULO                                             ;I;3  ;         ;12/1994;76.872;716;0;23.866;45.463;0;70.044;600;0;2;90;0;0;6.136;15.359;0;
91  ;CONTINENTAL                                           ;I;5  ;2        ;12/1994;40.707;0;0;903;824;0;1.727;0;0;0;0;13.395;0;25.586;47.579;0;
92  ;PEBB                                                  ;I;3  ;2        ;12/1994;48.963;213;0;4.586;42.086;40;46.925;0;0;171;0;0;0;1.867;35.888;0;
93  ;UNION                                                 ;I;4  ;         ;12/1994;62.759;1.473;0;4.342;38.847;5;44.666;0;0;0;15;12.121;0;5.956;19.933;0;
94  ;PARAIBAN                                              ;I;2  ;         ;12/1994;32.733;19.603;0;0;1.522;0;21.125;0;0;0;0;520;0;11.087;42.998;0;
95  ;BRASCAN                                               ;I;5  ;2        ;12/1994;44.822;5;0;6.077;22.675;3;28.760;3.777;0;4;27;1.632;0;10.622;17.878;0;
96  ;CREDIBEL                                              ;I;3  ;         ;12/1994;51.067;469;0;0;49.609;0;50.079;0;0;0;0;0;0;988;9.997;0;
97  ;ARAUCARIA                                             ;I;3  ;2        ;12/1994;49.117;363;0;3.958;13.666;0;17.987;7.182;0;896;31;2.014;0;21.006;9.237;0;
98  ;BEMAT                                                 ;I;2  ;         ;12/1994;42.114;19.016;0;0;6.199;181;25.396;0;0;50;1.005;6.804;0;8.860;14.432;0;
99  ;VR                                                    ;I;3  ;2        ;12/1994;41.839;306;0;0;41.027;0;41.333;0;0;0;0;0;0;506;12.817;0;
100 ;DAYCOVAL                                              ;I;3  ;2        ;12/1994;32.508;56;0;7.079;20.598;0;27.733;0;0;0;0;3.666;0;1.109;22.064;0;
101 ;LAVRA                                                 ;I;3  ;2        ;12/1994;37.653;1.821;0;1.189;24.081;12;27.104;168;0;529;231;4.617;0;5.003;13.212;0;
102 ;BFC                                                   ;I;3  ;2        ;12/1994;42.187;308;0;10.479;24.058;0;34.846;2.203;0;0;2.046;0;0;3.092;9.904;0;
103 ;HISPANO                                               ;I;4  ;         ;12/1994;34.387;384;0;4.012;4.556;35;8.987;671;0;1;6;23.145;0;1.577;16.310;0;
104 ;INTERUNION                                            ;I;3  ;2        ;12/1994;39.997;162;0;5.818;6.468;0;12.448;11.646;0;0;15.075;0;0;829;9.737;0;
105 ;GUANABARA                                             ;I;3  ;         ;12/1994;38.362;0;0;2.706;19.449;0;22.155;388;0;4;0;13.613;0;2.202;10.921;0;
106 ;INTERCAP                                              ;I;3  ;2        ;12/1994;42.329;194;0;5.778;35.517;0;41.489;219;0;43;0;0;0;578;6.413;0;
107 ;PARANA                                                ;I;3  ;2        ;12/1994;38.176;1.955;0;833;22.776;0;25.564;10;0;179;2;541;0;11.880;9.004;0;
108 ;PROSPER                                               ;I;3  ;2        ;12/1994;25.463;307;0;6.411;12.370;0;19.089;100;0;12;414;1.179;0;4.669;21.389;0;
109 ;PECUNIA                                               ;I;3  ;2        ;12/1994;32.179;190;0;6.488;15.133;0;21.811;0;0;0;11;0;0;10.357;14.163;0;
110 ;BEPI                                                  ;I;2  ;         ;12/1994;18.429;4.024;0;0;710;0;4.734;0;0;0;1.002;976;0;11.717;27.643;0;
111 ;INDUSTRIAL                                            ;I;5  ;2        ;12/1994;23.204;1;0;9.099;5.695;0;14.795;2.746;0;0;0;0;0;5.663;23.380;0;
112 ;AGROINVEST                                            ;I;5  ;2        ;12/1994;32.073;0;0;58;31.369;0;31.427;0;0;0;0;331;0;315;5.546;0;
113 ;BIG                                                   ;I;3  ;2        ;12/1994;29.295;496;0;5.259;16.978;6;22.738;990;0;26;1.669;224;0;3.648;5.343;0;
114 ;BANCOPAR                                              ;I;4  ;         ;12/1994;25.737;0;0;0;260;0;260;18.548;0;0;0;4;0;6.925;8.807;0;
115 ;BRASIRAQ                                              ;I;5  ;2        ;12/1994;17.967;229;0;0;8.085;49;8.364;0;0;0;0;8.593;0;1.010;15.703;0;
116 ;PRIMUS                                                ;I;3  ;2        ;12/1994;19.955;101;0;479;5.361;0;5.940;0;0;0;0;2.532;0;11.483;9.271;0;
117 ;LA PROVINCIA                                          ;I;4  ;         ;12/1994;24.346;22;0;0;1.518;2;1.542;0;0;1.317;0;14.680;0;6.807;4.806;0;
118 ;UNIVERSAL                                             ;I;3  ;2        ;12/1994;21.751;431;0;4.629;7.680;0;12.740;535;0;0;3.622;0;0;4.853;7.634;0;
119 ;MAPPIN                                                ;I;3  ;2        ;12/1994;17.721;255;0;1.891;14.669;0;16.814;0;0;0;386;0;0;521;11.061;0;
120 ;LUSO BRASILEIRO                                       ;I;3  ;         ;12/1994;20.632;507;0;513;14.549;0;15.569;0;0;0;60;1.910;0;3.093;4.876;0;
121 ;COMERCIAL SP                                          ;I;3  ;         ;12/1994;17.550;389;0;2.252;13.471;0;16.113;1.067;0;48;0;0;0;322;7.120;0;
122 ;FICSA                                                 ;I;3  ;2        ;12/1994;13.463;5;0;598;9.144;0;9.748;0;0;0;0;0;0;3.715;8.976;0;
123 ;BANER                                                 ;I;2  ;         ;12/1994;7.921;3.101;0;0;45;0;3.147;0;0;4;18;3.507;0;1.246;13.421;0;
124 ;SEGMENTO                                              ;I;3  ;2        ;12/1994;28.512;24;0;2.290;9.238;0;11.552;16.769;0;0;5;0;0;185;5.075;0;
125 ;RENNER                                                ;I;3  ;         ;12/1994;11.340;4;0;1.193;7.290;0;8.487;0;0;8;173;0;0;2.671;7.647;0;
126 ;EMPRESARIAL                                           ;I;3  ;2        ;12/1994;12.561;823;0;0;5.863;0;6.686;1.051;0;0;4.088;0;0;737;6.552;0;
127 ;PLANIBANC                                             ;I;5  ;2        ;12/1994;15.172;2;0;14.700;0;0;14.702;0;0;0;0;0;0;470;3.545;0;
128 ;SAO JORGE                                             ;I;3  ;         ;12/1994;11.784;576;0;1.585;7.751;0;9.911;0;0;0;3;0;0;1.870;6.537;0;
129 ;OPEN                                                  ;I;3  ;2        ;12/1994;16.854;13;0;202;1.021;0;1.236;309;0;618;1.244;13.080;0;367;1.313;0;
130 ;INTERIOR                                              ;I;3  ;         ;12/1994;11.037;975;0;0;9.817;0;10.792;0;0;0;21;0;0;224;6.716;0;
131 ;BANAP                                                 ;I;2  ;         ;12/1994;14.800;2.997;0;0;1.533;0;4.530;0;0;6;9.697;0;0;567;1.429;0;
132 ;MATONE                                                ;I;3  ;2        ;12/1994;10.873;116;0;401;10.118;0;10.635;30;0;0;0;0;0;208;4.626;0;
133 ;BANCNACION                                            ;I;4  ;         ;12/1994;16.123;267;0;9.516;1.051;22;10.856;1.502;0;0;0;3.053;0;712;265;0;
134 ;LA REPUBLICA                                          ;I;4  ;         ;12/1994;1.826;185;0;0;0;0;185;0;0;0;5;1.442;0;193;12.018;0;
135 ;CEDULA                                                ;I;3  ;2        ;12/1994;5.193;63;0;3.635;754;0;4.452;0;0;403;0;0;0;338;8.152;0;
136 ;CRUZEIRO                                              ;I;3  ;2        ;12/1994;3.753;39;0;759;740;0;1.537;57;0;0;0;0;0;2.159;9.473;0;
137 ;SANTOS NEVES                                          ;I;3  ;2        ;12/1994;3.848;364;0;277;2.915;0;3.556;80;0;0;0;0;0;211;9.241;0;
138 ;CLASSICO                                              ;I;3  ;         ;12/1994;6.005;26;0;602;271;0;899;0;0;0;130;0;0;4.976;7.055;0;
139 ;PONTO 3                                               ;I;3  ;         ;12/1994;3.379;0;0;0;2.776;0;2.776;0;0;0;0;0;0;604;9.078;0;
140 ;FATOR                                                 ;I;3  ;2        ;12/1994;97;0;0;0;0;0;0;0;0;0;0;0;0;97;10.564;0;
141 ;POTTENCIAL                                            ;I;3  ;         ;12/1994;5.998;3;0;0;1.331;0;1.334;3.920;0;0;0;0;0;744;3.910;0;
142 ;GERDAU                                                ;I;3  ;2        ;12/1994;484;13;0;0;434;0;447;0;0;0;0;0;0;36;9.133;0;
143 ;PREMIER                                               ;I;3  ;         ;12/1994;4.466;79;0;0;4.002;0;4.081;170;0;0;0;0;0;214;3.892;0;
144 ;CREDIPLAN                                             ;I;3  ;         ;12/1994;5.033;582;0;58;3.958;0;4.598;0;0;0;0;0;0;435;2.030;0;
145 ;BANCIONAL                                             ;I;3  ;2        ;12/1994;345;313;0;0;0;5;318;0;0;0;0;0;0;26;2.471;0;
146 ;EXTERIBANK                                            ;I;4  ;         ;12/1994;1.817;0;0;0;89;10;100;0;0;0;0;1.007;0;710;212;0;
Total 50 Maiores Bancos (Consolidado Bancario I)            ;;;;;;270.185.371;13.436.101;40.248.041;14.461.349;64.326.763;7.558.997;140.031.245;14.884.730;2.858.832;558.960;2.837.943;64.050.551;0;44.963.111;24.822.548;196.850;
% de Participacao 50 maiores Bancos (Consolidado Bancario I);;;;;;69,6%;90,4%;88,8%;49,2%;82,1%;94,5%;79,6%;45,4%;61,2%;80,7%;82,8%;69,4%;0,0%;57,5%;48,3%;81,1%;
Total demais Bancos (Consolidado Bancario I)                ;;;;;;10.881.267;555.755;601.669;691.722;2.860.778;30.403;4.740.330;609.747;87.938;21.409;79.080;2.500.031;0;2.842.720;2.506.189;0;
Total Consolidado Bancario I ( 146  Instituicoes )          ;;;;;;281.066.638;13.991.856;40.849.710;15.153.071;67.187.541;7.589.400;144.771.575;15.494.477;2.946.770;580.369;2.917.023;66.550.582;0;47.805.831;27.328.737;196.850;
% de Participacao Consolidado Bancario I                    ;;;;;;72,4%;94,2%;90,1%;51,6%;85,7%;94,9%;82,3%;47,2%;63,0%;83,8%;85,1%;72,1%;0,0%;61,1%;53,1%;81,1%;
1   ;BNDES                                                 ;I;1  ;         ;12/1994;24.185.518;115.212;0;0;10.358;0;125.571;0;0;0;0;12.604.956;0;11.454.991;11.064.274;0;
2   ;NACIONAL                                              ;I;3  ;2        ;12/1994;9.242.123;250.402;732.550;3.995.784;302.266;63.474;5.344.476;177.318;1.111;7.390;10.716;1.803.578;0;1.897.534;872.358;0;
3   ;ECONOMICO                                             ;I;3  ;2        ;12/1994;5.994.490;167.447;643.130;229.789;1.312.330;50.289;2.402.986;872.211;244.736;9.709;5.812;1.086.586;0;1.372.450;616.259;0;
4   ;NACIONAL                                              ;I;3  ;2        ;12/1994;4.800.073;0;0;373.144;3.809.059;0;4.182.203;0;0;0;0;97.379;0;520.491;334.423;0;
5   ;GARANTIA                                              ;I;3  ;2        ;12/1994;3.263.562;0;0;191.204;506.788;0;697.991;192.454;0;0;0;138.659;0;2.234.457;256.635;0;
6   ;MULTIPLIC                                             ;I;5  ;2        ;12/1994;2.182.114;75;0;222.273;501.785;163;724.296;629.201;5.145;0;31;392.802;0;430.639;243.224;0;
7   ;NOROESTE                                              ;I;3  ;2        ;12/1994;1.945.877;40.229;169.503;337.078;650.724;3.098;1.200.631;3.229;0;1;14.850;289.253;0;437.912;242.497;0;
8   ;BAHIA                                                 ;I;3  ;2        ;12/1994;2.090.090;5;0;256.665;393.590;138;650.398;152.742;0;1;0;421.144;0;865.805;152.865;0;
9   ;BANORTE                                               ;I;3  ;2        ;12/1994;1.443.223;25.217;291.916;62.455;503.469;12.993;896.051;11.550;80.566;8.359;4.157;308.844;0;133.697;171.931;0;
10  ;BANCOCIDADE                                           ;I;5  ;2        ;12/1994;1.126.253;18.835;0;18.411;550.019;212;587.477;16.761;0;17;5.014;336.298;0;180.685;108.026;0;
11  ;BISA                                                  ;I;3  ;2        ;12/1994;926.012;7.286;3.268;254.880;106.338;49;371.822;908;0;19.939;437;331.203;0;201.703;206.932;0;
12  ;NORCHEM                                               ;I;5  ;2        ;12/1994;915.323;95;0;392.692;80.717;0;473.504;10.026;0;0;0;64.591;0;367.203;89.025;0;
13  ;CCF BRASIL                                            ;I;4  ;2        ;12/1994;958.449;1.044;0;171.362;114.760;164;287.330;112.671;0;2.464;1.211;175.027;0;379.746;130.934;0;
14  ;REAL                                                  ;I;3  ;2        ;12/1994;663.913;439;0;398.432;132.214;0;531.085;0;0;12.580;0;86.632;0;33.616;322.438;0;
15  ;ICATU                                                 ;I;3  ;         ;12/1994;752.974;1.339;0;39.002;16.628;0;56.969;13.781;0;0;0;96.378;0;585.846;126.567;0;
16  ;BCN BARCLAYS                                          ;I;3  ;2        ;12/1994;624.147;0;0;24.729;58.642;0;83.372;10;0;2.269;4.438;255.929;0;278.130;82.312;0;
17  ;BRDE                                                  ;I;2  ;         ;12/1994;344.694;0;0;0;0;0;0;0;0;0;0;317.403;0;27.291;351.618;0;
18  ;BDMG                                                  ;I;2  ;         ;12/1994;552.471;0;0;86.915;29.540;0;116.455;0;0;9.670;0;342.530;0;83.816;140.819;0;
19  ;FIAT                                                  ;I;4  ;2        ;12/1994;480.550;0;0;192.718;253.100;0;445.818;10.069;0;0;0;14.870;0;9.794;109.482;0;
20  ;BB                                                    ;I;3  ;2        ;12/1994;82.462;0;0;0;36.289;0;36.289;0;0;0;0;2.565;0;43.608;453.046;0;
21  ;INTER-ATLANTICO                                       ;I;5  ;2        ;12/1994;415.194;0;0;15.729;53.138;0;68.867;0;0;5.859;21.126;256.440;0;62.904;67.924;0;
22  ;AUTOLATINA                                            ;I;4  ;2        ;12/1994;330.434;0;0;268.429;0;0;268.429;0;0;0;0;0;0;62.005;84.447;0;
23  ;GENERAL MOTORS                                        ;I;4  ;2        ;12/1994;321.115;0;0;300.704;9.966;0;310.670;0;0;0;2.628;638;0;7.178;61.871;0;
24  ;LLOYDS                                                ;I;4  ;2        ;12/1994;349.399;0;0;264.754;52.437;0;317.191;0;0;0;0;2.653;0;29.556;29.451;0;
25  ;DESENBANCO                                            ;I;2  ;         ;12/1994;277.901;455;0;3.728;9.673;0;13.856;0;0;0;0;207.538;0;56.507;61.439;0;
26  ;PROGRESSO                                             ;I;3  ;2        ;12/1994;267.272;6.621;32.971;34.990;114.024;276;188.882;3.660;0;1;86;27.618;0;47.025;61.328;0;
27  ;LIBERAL                                               ;I;3  ;2        ;12/1994;305.983;527;0;33.871;15.725;0;50.123;1.351;0;0;121;12.143;0;242.246;10.850;0;
28  ;TOKYO                                                 ;I;4  ;2        ;12/1994;238.649;1.803;0;16.633;23.469;144;42.049;350;0;8.971;18.524;130.891;0;37.863;69.719;0;
29  ;CREFISUL                                              ;I;5  ;2        ;12/1994;215.519;5.153;19.055;75.717;32.558;4.422;136.905;0;0;1;14.764;29.679;0;34.170;74.227;0;
30  ;MERCANTIL                                             ;I;3  ;2        ;12/1994;258.090;2.077;25.754;1.911;149.597;0;179.339;30.822;0;0;913;27.902;0;19.114;22.952;0;
31  ;BANCESA                                               ;I;3  ;2        ;12/1994;277.667;7.022;2.486;0;60.239;69;69.815;1.230;0;870;10;5.059;0;200.683;-11.529;0;
32  ;BADESC                                                ;I;2  ;         ;12/1994;202.674;2;0;0;0;0;2;0;0;0;0;200.074;0;2.597;59.838;0;
33  ;MATRIX                                                ;I;3  ;2        ;12/1994;203.460;72;0;1.658;69.688;0;71.419;0;0;2;0;0;0;132.040;46.883;0;
34  ;CINDAM                                                ;I;3  ;2        ;12/1994;211.169;138;0;4.098;17.204;6;21.445;93.955;0;0;0;25.587;0;70.183;30.008;0;
35  ;BRASEG                                                ;I;5  ;         ;12/1994;174.640;144;0;0;33.515;0;33.660;1.232;0;1;0;128.578;0;11.169;26.281;0;
36  ;MULTI                                                 ;I;4  ;2        ;12/1994;167.994;15;0;18.730;27.727;0;46.473;3.317;0;0;74.509;23.102;0;20.593;22.470;0;
37  ;FLEMING GRAPHUS                                       ;I;3  ;2        ;12/1994;155.548;93;0;4.454;14.891;9;19.447;12.880;0;0;105.687;5.490;0;12.044;23.936;0;
38  ;FENICIA                                               ;I;3  ;2        ;12/1994;128.326;84;0;27.232;47.506;0;74.822;0;0;0;60;19.340;0;34.105;40.658;0;
39  ;BANQUEIROZ                                            ;I;3  ;2        ;12/1994;180.830;4.485;7.062;22.532;71.608;229;105.916;35.755;0;0;787;25.574;0;12.799;21.107;0;
40  ;MARKA                                                 ;I;3  ;         ;12/1994;133.240;0;0;4.242;18.961;0;23.204;314;0;0;96.439;1.276;0;12.008;28.250;0;
41  ;DIMENSAO                                              ;I;3  ;2        ;12/1994;134.414;2.763;0;0;25.705;50;28.518;100.260;0;38;0;275;0;5.323;24.619;0;
42  ;ARBI                                                  ;I;3  ;2        ;12/1994;123.591;389;0;14.234;46.543;0;61.166;11.240;0;0;28.565;10.108;0;12.513;32.774;0;
43  ;BRJ                                                   ;I;3  ;         ;12/1994;154.227;0;0;27;917;0;944;20.239;0;0;0;128.357;0;4.687;11.117;0;
44  ;FINASA                                                ;I;3  ;2        ;12/1994;41.865;0;0;16.745;384;0;17.130;0;0;0;0;2.916;0;21.820;96.038;0;
45  ;BANDES                                                ;I;2  ;2        ;12/1994;118.138;6.350;0;0;3.761;0;10.111;0;0;0;0;100.264;0;7.763;19.044;0;
46  ;MARTINELLI                                            ;I;3  ;2        ;12/1994;98.662;1.222;0;11.799;50.225;13;63.259;600;0;0;117;27.212;0;7.473;16.936;0;
47  ;TRANSBANCO                                            ;I;3  ;2        ;12/1994;91.456;0;0;206;272;0;478;0;0;0;0;43.456;0;47.523;23.680;0;
48  ;BERON                                                 ;I;2  ;         ;12/1994;116.562;23.197;0;900;15.966;47;40.111;18.691;0;96;4.245;5.336;0;48.082;951;0;
49  ;GULFINVEST                                            ;I;5  ;2        ;12/1994;55.368;95;0;16.952;21.989;4;39.040;4.207;0;0;84;7.920;0;4.117;57.148;0;
50  ;RENDIMENTO                                            ;I;3  ;2        ;12/1994;83.601;1.218;0;702;64.507;0;66.428;0;0;0;0;1.789;0;15.383;27.210;0;
51  ;PATENTE                                               ;I;3  ;2        ;12/1994;82.020;20;0;3.990;20.387;0;24.397;32.789;0;0;10.879;1.697;0;12.258;25.499;0;
52  ;TENDENCIA                                             ;I;3  ;2        ;12/1994;69.183;0;0;12.326;53.640;0;65.966;1.993;0;0;0;0;0;1.224;35.839;0;
53  ;INDUSVAL                                              ;I;3  ;2        ;12/1994;74.861;796;0;6.273;10.387;42;17.498;1.181;0;0;8;9.067;0;47.107;13.695;0;
54  ;IOCHPE                                                ;I;3  ;         ;12/1994;68.097;0;0;15.528;47.261;0;62.789;0;0;0;484;1.817;0;3.007;19.441;0;
55  ;BAHIA                                                 ;I;3  ;2        ;12/1994;55.594;220;0;8.916;15.297;0;24.432;0;0;0;20.134;0;0;11.028;23.047;0;
56  ;BMC                                                   ;I;3  ;2        ;12/1994;51.942;0;0;0;0;574;574;0;0;0;0;0;0;51.368;23.242;0;
57  ;PORTO REAL                                            ;I;3  ;         ;12/1994;61.939;3.893;4.210;0;20.029;0;28.131;1.000;0;0;27.400;0;0;5.408;12.200;0;
58  ;BCR                                                   ;I;3  ;2        ;12/1994;63.483;2.222;0;2.231;48.259;1;52.713;4.539;0;0;4;583;0;5.643;7.203;0;
59  ;J.P.MORGAN                                            ;I;4  ;2        ;12/1994;29.880;0;0;21.611;0;0;21.611;0;0;0;0;0;0;8.269;35.334;0;
60  ;EUROINVEST                                            ;I;5  ;2        ;12/1994;39.553;12;0;8.835;11.274;0;20.121;0;0;0;1;17.637;0;1.795;19.845;0;
61  ;FINANCEIRO IND.                                       ;I;3  ;2        ;12/1994;41.824;0;0;0;0;0;0;0;0;0;0;15.678;0;26.146;16.990;0;
62  ;BANACRE                                               ;I;2  ;         ;12/1994;46.382;8.325;5.108;3.006;4.967;0;21.406;11.696;0;7;15;373;0;12.884;13.060;0;
63  ;OPERADOR                                              ;I;3  ;2        ;12/1994;46.341;777;0;21.136;13.076;0;34.989;995;0;0;75;0;0;10.281;8.838;0;
64  ;BATTISTELLA                                           ;I;3  ;         ;12/1994;38.019;0;0;3.999;0;0;3.999;0;718;846;0;29.760;0;2.696;16.608;0;
65  ;INVESTCORP                                            ;I;3  ;2        ;12/1994;42.617;3;0;8.768;11.415;0;20.186;80;0;0;21.526;0;0;825;11.038;0;
66  ;METROPOLITANO                                         ;I;5  ;         ;12/1994;44.846;742;0;1.946;17.881;0;20.569;13.280;0;0;216;2.691;0;8.090;8.622;0;
67  ;BOREAL                                                ;I;3  ;2        ;12/1994;25.706;1;0;2.193;22.836;0;25.030;0;0;0;0;0;0;675;25.862;0;
68  ;AUGUSTA 251                                           ;I;3  ;2        ;12/1994;25.430;156;0;0;470;0;627;0;0;0;0;0;0;24.804;18.950;0;
69  ;MERCANTIL                                             ;I;3  ;2        ;12/1994;26.804;52;0;8.717;12.459;0;21.228;0;0;370;0;2.143;0;3.063;17.140;0;
70  ;BM&S                                                  ;I;3  ;2        ;12/1994;35.856;1.076;0;864;19.780;0;21.720;1.179;0;0;112;7.154;0;5.690;5.117;0;
71  ;BANDEIRANTES                                          ;I;3  ;2        ;12/1994;16.153;0;0;0;11.402;0;11.402;0;0;0;0;3.624;0;1.128;23.515;0;
72  ;FITAL                                                 ;I;3  ;         ;12/1994;29.970;0;0;0;29.811;0;29.811;0;0;0;0;0;0;159;8.098;0;
73  ;ROSA                                                  ;I;3  ;2        ;12/1994;30.574;85;0;16.357;2.007;3;18.453;265;0;18;11.406;0;0;432;7.399;0;
74  ;FONTE                                                 ;I;3  ;2        ;12/1994;8.162;4;0;2.625;256;0;2.885;0;0;0;182;2.790;0;2.306;28.937;0;
75  ;PLANIBANC                                             ;I;3  ;2        ;12/1994;19.271;0;0;16.175;0;74;16.250;0;0;0;0;1.803;0;1.218;16.714;0;
76  ;STOCK                                                 ;I;3  ;2        ;12/1994;828.730;103;0;3.631;11.435;0;15.168;813.386;0;6;0;0;0;170;12.508;0;
77  ;MIL                                                   ;I;3  ;2        ;12/1994;21.779;3.321;0;3.606;10.031;0;16.959;1.078;0;0;0;438;0;3.303;10.220;0;
78  ;PAULISTA                                              ;I;3  ;2        ;12/1994;20.310;1.056;0;677;11.739;0;13.473;251;0;27;636;3.200;0;2.724;11.002;0;
79  ;BFI                                                   ;I;5  ;2        ;12/1994;17.789;47;0;6.900;3.793;0;10.740;0;0;0;2;4.850;0;2.198;12.985;0;
80  ;BFB                                                   ;I;3  ;         ;12/1994;21.331;0;0;0;0;0;0;0;0;0;0;17.039;0;4.291;8.860;0;
81  ;OURINVEST                                             ;I;3  ;2        ;12/1994;19.619;2;0;2.407;773;0;3.182;0;0;0;0;1.319;0;15.118;9.810;0;
82  ;VARIG                                                 ;I;3  ;2        ;12/1994;15.688;9;0;3.916;8.855;28;12.808;40;0;426;0;1.687;0;726;12.402;0;
83  ;UNITED                                                ;I;3  ;2        ;12/1994;11.259;0;0;5.908;5.183;0;11.091;0;0;0;0;0;0;168;15.315;0;
84  ;D'EL REY                                              ;I;3  ;2        ;12/1994;13.016;0;0;0;12.565;0;12.565;0;0;0;0;0;0;451;11.760;0;
85  ;VETOR                                                 ;I;3  ;2        ;12/1994;50.223;0;0;80;312;0;392;49.645;0;0;0;0;0;186;12.689;0;
86  ;STERLING                                              ;I;5  ;         ;12/1994;21.344;0;0;0;22;0;22;0;0;0;0;13.856;0;7.465;1.655;0;
87  ;BCO HKB                                               ;I;5  ;         ;12/1994;15.939;18;0;0;14.879;2;14.899;0;0;0;0;0;0;1.040;6.032;0;
88  ;PATRIMONIO                                            ;I;3  ;         ;12/1994;11.756;0;0;0;8.054;0;8.054;0;0;0;0;0;0;3.702;8.164;0;
89  ;TRICURY                                               ;I;3  ;         ;12/1994;13.763;0;0;9.565;4.033;0;13.599;0;0;0;0;0;0;164;5.065;0;
90  ;PRIME                                                 ;I;3  ;2        ;12/1994;9.135;0;0;0;4.528;30;4.558;230;0;0;0;25;0;4.323;9.104;0;
91  ;EXPRINTER LOSAN                                       ;I;5  ;2        ;12/1994;4.467;0;0;0;4.079;0;4.079;0;0;0;0;0;0;388;12.416;0;
92  ;DESTAK                                                ;I;3  ;         ;12/1994;13.857;49;0;0;731;0;780;12.372;0;0;0;0;0;706;6.382;0;
93  ;FICRISA AXELRUD                                       ;I;3  ;2        ;12/1994;8.243;376;0;754;3.837;0;4.967;0;55;0;0;235;0;2.986;7.969;0;
94  ;RURAL                                                 ;I;3  ;2        ;12/1994;119;0;0;0;0;0;0;0;0;0;0;0;0;119;15.499;0;
95  ;DRACMA                                                ;I;3  ;         ;12/1994;13.579;429;0;5.189;2.275;0;7.893;3.472;0;1.751;30;0;0;433;2.003;0;
96  ;INTERFINANCE                                          ;I;3  ;2        ;12/1994;39.379;0;0;1.102;6.877;0;7.979;31.031;0;0;0;0;0;369;5.733;0;
97  ;INVESTOR                                              ;I;3  ;2        ;12/1994;8.895;2;0;2.434;915;0;3.350;4.804;0;0;0;0;0;740;4.806;0;
98  ;MISASI                                                ;I;3  ;2        ;12/1994;4.788;0;0;0;4.157;0;4.157;0;0;0;0;0;0;631;8.219;0;
99  ;MALCON                                                ;I;3  ;2        ;12/1994;4.564;45;0;0;0;0;45;0;2.403;0;0;0;0;2.115;7.669;0;
100 ;CAMBIAL                                               ;I;3  ;2        ;12/1994;2.997;25;0;1.493;862;0;2.380;0;0;0;0;0;0;616;9.187;0;
101 ;MAXINVEST                                             ;I;3  ;         ;12/1994;3.304;162;0;0;945;0;1.107;6;0;0;0;0;0;2.191;7.941;0;
102 ;DIVISA                                                ;I;3  ;         ;12/1994;5.921;0;0;340;2.326;0;2.666;946;0;0;0;0;0;2.309;5.229;0;
103 ;NACOES                                                ;I;3  ;         ;12/1994;4.248;30;0;50;3.737;0;3.817;0;0;0;0;0;0;431;6.376;0;
104 ;FINANSINOS                                            ;I;3  ;2        ;12/1994;4.825;60;0;0;2.883;0;2.943;0;0;0;0;0;0;1.881;5.732;0;
105 ;PERFORMANCE                                           ;I;3  ;         ;12/1994;3.591;0;0;0;2.213;0;2.213;0;0;0;0;0;0;1.378;6.293;0;
106 ;INTERPART                                             ;I;3  ;         ;12/1994;1.621;93;0;0;1.043;0;1.136;0;0;0;0;0;0;485;6.828;0;
107 ;TECNICORP                                             ;I;3  ;2        ;12/1994;2.558;20;0;252;1.240;0;1.512;0;0;2;0;0;0;1.044;5.757;0;
108 ;BANCRED                                               ;I;3  ;2        ;12/1994;3.466;36;0;0;2.200;0;2.235;150;0;0;5;0;0;1.076;4.641;0;
109 ;OK                                                    ;I;3  ;2        ;12/1994;2.777;0;0;0;0;0;0;0;0;0;0;0;0;2.777;4.445;0;
110 ;AMERICAN EXPRES                                       ;I;4  ;2        ;12/1994;11;0;0;0;0;0;0;0;0;0;0;0;0;11;6.390;0;
111 ;PORTO SEGURO                                          ;I;3  ;         ;12/1994;410;0;0;0;0;0;0;0;0;0;0;0;0;409;5.291;0;
112 ;INTERPACIFICO                                         ;I;3  ;         ;12/1994;698;0;0;0;0;0;0;0;0;0;0;0;0;698;4.895;114;
113 ;DIGIBANCO                                             ;I;3  ;2        ;12/1994;18;0;0;0;0;0;0;0;0;0;0;0;0;18;5.334;0;
114 ;INDUSCRED                                             ;I;3  ;2        ;12/1994;1.428;113;0;281;153;4;551;719;0;0;0;0;0;158;4.468;0;
115 ;TOTAL                                                 ;I;3  ;2        ;12/1994;881;0;0;195;0;0;195;0;0;0;0;0;0;687;4.037;0;
116 ;CRITERIUM                                             ;I;3  ;         ;12/1994;199;0;0;0;0;0;0;0;0;0;0;0;0;199;2.943;0;
117 ;APLICAP                                               ;I;3  ;2        ;12/1994;3.217.197;0;0;801;56;0;857;3.216.063;0;0;0;0;0;276;6.408;0;
Total 5 Maiores Bancos (Consolidado Bancario II)            ;;;;;;47.485.766;533.061;1.375.680;4.789.921;5.940.801;113.763;12.753.227;1.241.983;245.847;17.099;16.528;15.731.158;0;17.479.923;13.143.949;0;
% de Participacao 5 maiores Bancos (Consolidado Bancario II);;;;;;12,2%;3,6%;3,0%;16,3%;7,6%;1,4%;7,3%;3,8%;5,3%;2,5%;0,5%;17,0%;0,0%;22,3%;25,6%;0,0%;
Total demais Bancos (Consolidado Bancario II)               ;;;;;;26.441.769;182.869;561.333;3.833.666;4.989.635;22.844;9.590.355;5.504.241;88.887;74.592;491.918;5.032.150;0;5.659.628;4.836.038;114;
Total Consolidado Bancario II ( 117  Instituicoes )         ;;;;;;73.927.535;715.930;1.937.013;8.623.587;10.930.436;136.607;22.343.582;6.746.224;334.734;91.691;508.446;20.763.308;0;23.139.551;17.979.987;114;
% de Participacao Consolidado Bancario II                   ;;;;;;19,0%;4,8%;4,3%;29,3%;13,9%;1,7%;12,7%;20,6%;7,2%;13,2%;14,8%;22,5%;0,0%;29,6%;35,0%;0,1%;
Total Consolidado Bancario III ( 899  Instituicoes )        ;;;;;;454.626;109.050;0;0;102.034;7.481;218.572;0;0;18.613;981;162.774;0;53.705;229.590;3.046;
% de Participacao Consolidado Bancario III                  ;;;;;;0,1%;0,7%;0,0%;0,0%;0,1%;0,1%;0,1%;0,0%;0,0%;2,7%;0,0%;0,2%;0,0%;0,1%;0,5%;1,3%;
Total Consolidado Nao Bancario ( 759  Instituicoes )        ;;;;;;32.742.081;40.742;2.529.131;5.616.701;170.490;265.871;8.622.936;10.579.766;1.393.312;2.027;262;4.885.989;0;7.257.784;5.891.022;42.677;
% de Participacao Consolidado Nao Bancario                  ;;;;;;8,4%;0,3%;5,6%;19,1%;0,2%;3,3%;4,9%;32,2%;29,8%;0,3%;0,0%;5,3%;0,0%;9,3%;11,5%;17,6%;
Total do Sistema Financeiro Nacional                        ;;;;;;388.190.880;14.857.578;45.315.854;29.393.359;78.390.501;7.999.359;175.956.665;32.820.467;4.674.816;692.700;3.426.712;92.362.653;0;78.256.871;51.429.336;242.687;
Fonte: Sisbacen
TD (Tipo de Documento): C - Conglomerado, I - Instituição Independente
TC (Tipo de Controle): 1 - Público Federal, 2 - Público Estadual, 3 - Privado Nacional, 4 - Privado Controle Estrangeiro, 5 - Privado Participação Estrangeira
Obs.: 1 - Excepcionalidades ao cumprimento de limites - Vide Relatório
      2 - Instituições líderes do conglomerado bancário não optante pela consolidação mensal de balancetes.
