50 Maiores Bancos e o Consolidado do Sistema Financeiro Nacional
PASSIVOS
Data-base: Junho/1999;;;;;;;;;;;;;;;;;;;Balancetes processados até: 21/12/2005

;;;;;;;;;;;;;;;;;;;;Em R$ Mil
PASSIVOS;;;;;;;;;;;;;;;;;;;;Patrimônio;Lucro
Ranking;Instituições;TD;TC;Obs.;Data;Passivo;Depósitos;;;;;;Captações no;Recursos de Aceites;Relações;Relações;Obrigações por;Instrumentos Financeiros;Outras Obrigações e;Líquido;Líquido
;;;;;Balancete;Exigível;À Vista;Poupança;Interfinanceiros;A Prazo;Outros;Total;Mercado Aberto;e Emissão de Títulos;Interfinanceiras;Interdependências;Empréstimos e Repasses;Derivativos;Exercícios Futuros
1;BB                                                    ;C;1;         ;06/1999;131.330.515;9.780.857;20.492.951;1.663.369;37.175.895;528.600;69.641.672;13.987.450;741.219;2.251.960;502.082;25.391.789;0;18.814.343;7.044.404;574.231;
2;CEF                                                   ;I;1;         ;06/1999;117.763.317;2.800.541;28.209.940;0;30.488.782;1.682.123;63.181.385;660.969;7.905.339;466.243;84.155;771.991;0;44.693.233;3.687.593;113.588;
3;BRADESCO                                              ;C;3;         ;06/1999;62.926.076;5.457.798;16.907.386;63.851;12.275.270;8;34.704.314;8.061.008;312.471;2.503.480;146.523;10.050.138;0;7.148.142;6.868.221;467.668;
4;ITAU                                                  ;C;3;         ;06/1999;46.648.589;3.660.579;14.967.303;244.494;2.581.789;27.683;21.481.848;4.515.469;4.725.022;3.788.565;358.769;5.875.970;0;5.902.946;6.450.472;1.103.801;
5;UNIBANCO                                              ;C;5;         ;06/1999;30.092.826;1.200.357;3.099.278;37.558;4.960.955;2.236;9.300.384;3.863.217;4.164.446;926.604;134.262;6.816.821;0;4.887.091;3.205.968;312.618;
6;ABN AMRO                                              ;C;4;         ;06/1999;22.675.991;1.241.337;4.480.293;202.119;3.644.429;4.612;9.572.790;776.764;1.186.056;1.101.305;203.765;2.463.690;0;7.371.621;3.608.267;185.695;
7;BANESPA                                               ;C;1;         ;06/1999;20.318.113;2.065.827;2.865.494;405.039;6.192.937;10.564;11.539.861;1.220.236;0;671.916;75.385;1.048.654;0;5.762.060;4.725.352;581.539;
8;NOSSA CAIXA                                           ;I;2;         ;06/1999;14.918.802;698.275;5.175.535;0;5.395.200;5.283;11.274.294;1.196.634;142.879;705.615;1.538;176.052;0;1.421.789;986.177;60.185;
9;BANKBOSTON                                            ;C;4;         ;06/1999;16.508.955;899.258;789.084;12.765;953.936;11.942;2.666.986;3.257.193;346.402;1.097.743;39.332;4.966.659;0;4.134.640;944.173;110.161;
10;SAFRA                                                 ;C;3;         ;06/1999;16.099.361;89.072;526.779;233.218;1.662.924;676;2.512.669;3.719.419;2.271.158;883.801;67.396;2.572.323;0;4.072.595;953.642;122.280;
11;HSBC                                                  ;C;4;         ;06/1999;12.358.234;621.527;3.730.699;25.053;1.701.615;2.027;6.080.920;621.750;0;712.606;24.868;1.685.377;0;3.232.712;974.798;176.469;
12;SANTANDER BRASIL;C;4;         ;06/1999;11.168.447;266.582;213.100;59.591;3.218.896;122;3.758.291;755.161;587.390;204.459;29.849;2.812.420;0;3.020.878;1.194.975;49.796;
13;CITIBANK                                              ;C;4;         ;06/1999;10.901.049;351.372;325.942;38.525;908.947;5.682;1.630.468;119.309;601.676;488.691;63.402;3.231.777;0;4.765.726;1.600.139;497.837;
14;SUDAMERIS                                             ;C;4;         ;06/1999;12.043.159;497.230;1.401.268;208.980;1.616.637;65.990;3.790.105;2.003.291;606.301;470.938;88.303;2.980.955;0;2.103.266;967.739;37.548;
15;BBA-CREDITANSTALT                                     ;C;5;         ;06/1999;9.745.376;9.098;0;74.372;2.714.990;0;2.798.460;1.228.558;816.740;176.173;2.787;2.848.475;0;1.874.183;899.084;244.361;
16;MERIDIONAL                                            ;C;4;         ;06/1999;7.814.216;129.300;758.140;43.107;1.234.556;0;2.165.103;370.299;878.186;797.747;3.816;1.532.998;0;2.066.066;1.152.023;72.699;
17;MERCANTIL FINASA;C;3;         ;06/1999;7.129.199;144.676;665.011;0;3.540.111;1.132;4.350.929;290.095;254.079;173.062;21.792;1.139.390;0;899.853;1.175.823;63.203;
18;BILBAO VIZCAYA                                        ;C;4;         ;06/1999;7.687.824;87.572;404.603;4.914;3.633.796;0;4.130.886;464.855;312.696;86.480;9.424;418.716;0;2.264.768;616.738;154.023;
19;BNB                                                   ;I;1;         ;06/1999;6.471.510;88.339;314.010;0;609.465;0;1.011.813;10.207;382.593;61.521;183;2.589.937;0;2.415.256;913.285;28.341;
20;BANDEIRANTES                                          ;C;4;         ;06/1999;6.027.848;156.826;1.262.209;7.143;1.021.341;992;2.448.512;1.089.048;267.195;252.199;37.362;881.416;0;1.052.116;420.773;-2.295;
21;BANRISUL                                              ;C;2;         ;06/1999;6.360.497;403.796;1.421.909;19.103;2.024.557;1.348;3.870.712;1.072.397;0;207.096;48.220;751.486;0;410.585;527.541;46.272;
22;BANESTADO                                             ;C;2;         ;06/1999;6.314.212;377.383;1.486.445;47.027;1.628.247;178.946;3.718.047;578.043;79.001;172.244;8.535;505.820;0;1.252.523;-229.598;-425.135;
23;VOTORANTIM                                            ;C;3;         ;06/1999;5.366.799;1.132;0;118.392;1.285.617;0;1.405.142;2.351.809;289.158;15.202;0;98.532;0;1.206.957;322.738;33.684;
24;BOAVISTA                                              ;C;4;         ;06/1999;4.509.903;88.607;102.787;2.023;2.164.771;26;2.358.215;249.411;4.578;45.650;2.673;1.246.631;0;602.745;472.228;-48.142;
25;LLOYDS                                                ;C;4;         ;06/1999;4.250.366;3.215;0;505.273;546.907;0;1.055.396;607.424;199.768;33.874;307.403;380.991;0;1.665.510;400.764;40.712;
26;CSFB GARANTIA;C;4;         ;06/1999;3.952.026;59;0;44.465;1.608.802;0;1.653.325;85.564;330.033;35.295;170;266.226;0;1.581.413;305.472;90.461;
27;CHASE;C;4;         ;06/1999;3.427.843;3.214;0;1.003;175.299;0;179.517;38.101;0;133.321;33;1.557.407;0;1.519.464;728.873;576.114;
28;JP MORGAN                                             ;C;4;         ;06/1999;3.067.065;8.568;0;67.227;693.735;0;769.529;177.451;17.845;115.203;0;211.443;0;1.775.595;369.695;591.468;
29;BARCLAYS GALICIA                                             ;C;5;         ;06/1999;2.684.123;78;0;4.948;141.142;0;146.169;112.984;663.070;179.151;1.734;661.837;0;919.178;252.787;67.177;
30;ING                                                   ;C;4;         ;06/1999;2.486.311;814;0;6.956;391.251;0;399.021;18.526;370.734;40.110;1.129;290.183;0;1.366.607;162.928;47.987;
31;BANEB                                                 ;I;2;2;06/1999;2.399.896;269.061;353.436;214.137;388.144;335.678;1.560.456;34.510;0;77.600;7.494;40.422;0;679.415;145.384;6.142;
32;RURAL                                                 ;C;3;         ;06/1999;2.159.726;24.319;172.228;14.774;967.365;27;1.178.713;188.011;49.675;114.948;56;187.931;0;440.392;305.124;43.939;
33;PONTUAL                                               ;C;3;3;09/1998;2.107.530;4.511;0;606.437;265.554;0;876.503;179.083;81.771;16.161;1;262.680;0;691.333;182.243;1.990;
34;PACTUAL                                               ;C;5;         ;06/1999;2.160.936;2.606;0;38.002;199.781;0;240.388;791.451;0;54.914;22;85.813;0;988.348;390.630;121.888;
35;CREDIBANCO                                            ;C;5;         ;06/1999;2.017.699;13.676;0;33.735;407.110;0;454.520;40.299;380.838;35.573;0;817.245;0;289.223;204.921;36.217;
36;DRESDNER                                              ;C;4;         ;06/1999;1.971.518;2.400;0;75.665;82.867;0;160.933;28.279;0;24.675;162.614;1.365.674;0;229.344;182.657;42.423;
37;BASA                                                  ;I;1;         ;06/1999;1.851.842;92.891;60.449;5.006;419.582;250.549;828.477;17.673;0;12.494;119;87.577;0;905.503;202.764;46.552;
38;BEAL                                                  ;I;4;2;06/1999;1.876.628;329;0;3.026;207.048;0;210.403;9.568;518.258;52.574;753;340.347;0;744.725;165.763;47.395;
39;FIBRA                                                 ;C;3;         ;06/1999;1.811.476;3.892;0;14.887;343.716;0;362.495;427.454;88.614;6.102;1.540;437.901;0;487.372;286.187;68.633;
40;BMB                                                   ;I;3;2;06/1999;1.832.233;49.090;367.916;129.992;670.363;0;1.217.362;347.168;0;66.695;1.074;85.092;0;114.842;386.042;9.592;
41;BNL                                                   ;I;4;2;06/1999;1.663.347;2.413;0;45.013;218.467;0;265.893;294.231;0;7.387;1.796;749.964;0;344.076;149.363;30.236;
42;BBM                                                   ;C;3;         ;06/1999;1.348.491;110.187;0;21.267;361.074;0;492.528;406.966;0;123.070;4;213.760;0;112.164;447.478;142.504;
43;BEG                                                   ;I;1;2;06/1999;1.657.320;139.765;135.833;0;244.608;193;520.399;860.552;0;36.211;1.083;12.767;0;226.307;117.025;189;
44;BIC                                                   ;C;3;         ;06/1999;2.929.710;5.442;58.057;4.530;727.561;0;795.590;1.412.656;115.520;45.136;537;344.564;0;215.706;249.456;19.698;
45;BMC                                                   ;C;3;         ;06/1999;2.086.091;5.138;0;5.053;242.212;5;252.409;955.542;283.460;3.395;580;489.861;0;100.845;192.029;8.498;
46;ABC-BRASIL                                            ;C;4;         ;06/1999;1.418.426;4.612;0;32.141;337.130;0;373.883;177.689;0;32.261;0;611.181;0;223.412;229.029;69.004;
47;DEUTSCHE                                              ;C;4;         ;06/1999;1.324.711;6.952;0;1.226;105.514;0;113.693;2.600;0;54.588;61.104;531.813;0;560.914;235.092;87.864;
48;TOKYOMITSUBISHI                                       ;I;4;2;06/1999;1.406.131;10.763;0;360;32.740;0;43.863;147.612;39.907;6.078;17.758;975.047;0;175.866;236.298;43.079;
49;BANESTES                                              ;I;2;2;06/1999;1.343.520;165.216;462.838;21.409;268.760;3.825;922.048;247.761;27.285;37.599;501;41.081;0;67.246;77.047;7.191;
50;BEC                                                   ;C;1;         ;06/1999;1.298.010;90.249;198.726;0;194.137;132.300;615.413;409.001;50.382;20.258;61;54.156;0;148.739;82.045;15.877;
51;BESC                                                  ;I;2;2;06/1999;1.618.791;279.839;0;276.739;276.521;0;833.099;408.386;0;53.599;3.426;207.183;0;113.098;5.934;-97.148;
52;BMG                                                   ;C;3;         ;06/1999;1.227.540;409;0;12.483;218.660;0;231.552;86.679;335.794;82.928;0;105.191;0;385.396;188.492;12.693;
53;BRB                                                   ;I;2;2;06/1999;1.082.882;131.686;310.850;0;317.430;618;760.584;51.143;76.234;22.124;146;85.330;0;87.321;223.898;10.342;
54;AGF BRASEG;C;4;         ;06/1999;1.227.636;516;0;18.014;227.155;0;245.684;133.434;598.915;50.507;0;167.122;0;31.973;69.394;-4.797;
55;SUL AMERICA                                           ;C;5;         ;06/1999;988.745;13.370;0;25.433;438.222;0;477.025;137.356;0;100.560;0;115.159;0;158.645;136.134;29.326;
56;INTER AMEX                                                  ;C;5;         ;06/1999;953.581;2.325;0;34;231.577;425;234.361;5.622;0;15.927;0;566.950;0;130.721;137.197;23.352;
57;RABOBANK                                              ;I;4;         ;06/1999;1.024.644;23;0;15.111;71.352;0;86.486;0;0;531;1.821;637.195;0;298.610;53.450;16.112;
58;BRASCAN                                               ;C;4;         ;06/1999;982.595;3.816;0;3.321;178.526;0;185.662;323.777;0;36.508;2.058;88.252;0;346.338;94.596;26.125;
59;BNP                                                   ;I;4;         ;06/1999;952.428;161;0;0;421.137;0;421.298;15.470;0;8.756;365;326.006;0;180.533;97.634;29.253;
60;SOGERAL;C;5;         ;06/1999;970.171;380;0;0;202.196;0;202.576;0;35.366;15.817;533;175.097;0;540.783;70.852;5.261;
61;SANTOS                                                ;I;3;2;06/1999;2.350.385;5.175;0;175.077;386.565;0;566.818;1.544.076;0;24.400;81;124.594;0;90.416;170.646;20.039;
62;SUMITBANK                                             ;I;4;         ;06/1999;758.995;5.270;0;0;15.746;85;21.101;50.856;0;3.555;4.862;618.950;0;59.671;193.548;56.180;
63;FININVEST                                             ;I;5;2;06/1999;607.987;324;0;195.432;275.838;0;471.593;29.000;0;9.013;7.714;0;0;90.668;137.243;6.498;
64;SOFISA                                                ;C;3;         ;06/1999;452.924;7.707;0;40.203;151.095;0;199.005;122.151;0;7.274;34.877;12.457;0;77.160;135.862;37.952;
65;CREDITO SP                                            ;I;3;2;06/1999;418.681;3.130;0;40.754;73.047;0;116.931;18.499;0;8.236;443;72.154;0;202.417;149.112;19.713;
66;BANPARA                                               ;I;2;         ;06/1999;506.012;93.662;52.933;0;42.522;267.304;456.422;2.161;0;7.151;64;0;0;40.214;60.138;208;
67;BEM                                                   ;I;2;2;06/1999;507.741;138.961;48.974;0;25.632;21.034;234.600;161.998;0;4.990;11;11.099;0;95.043;55.730;4.296;
68;PEBB                                                  ;C;3;         ;06/1999;474.415;91;0;0;5.298;0;5.389;462.611;0;252;0;0;0;6.163;81.100;28.966;
69;PANAMERICANO                                          ;I;3;2;06/1999;419.174;3.542;0;65.698;290.779;89;360.109;8.780;0;14.884;0;14.738;0;20.663;100.119;15.151;
70;BEA                                                   ;I;2;         ;06/1999;335.178;89.271;62.433;0;48.061;0;199.765;0;0;6.299;73;57.943;0;71.097;88.592;-4.459;
71;CACIQUE                                               ;C;3;         ;06/1999;229.526;13.451;0;3.513;121.305;0;138.269;5.500;0;4.130;15;4;0;81.609;143.580;43.879;
72;PINE                                                  ;C;3;         ;06/1999;245.070;3.015;0;2.016;61.138;0;66.168;0;0;757;0;142.359;0;35.786;110.499;539;
73;INDUSTRIAL DO BRASIL                                  ;C;3;         ;06/1999;261.627;7.597;0;9.056;86.998;0;103.652;0;39.765;1.882;0;74.422;0;41.907;78.040;12.567;
74;MODAL                                                 ;I;3;2;06/1999;299.941;260;0;1.422;14.830;0;16.512;233.746;0;321;0;6.870;0;42.493;27.085;7.268;
75;BANESE                                                ;I;2;         ;06/1999;279.159;46.768;115.235;0;77.612;6.354;245.969;2.904;0;9.411;0;7.878;0;12.996;50.483;5.449;
76;BVA                                                   ;I;3;         ;06/1999;276.919;0;0;0;40.367;0;40.367;38.045;0;0;0;195.413;0;3.094;36.556;5.362;
77;PROSPER                                               ;C;3;         ;06/1999;255.576;11.070;0;3.689;16.541;0;31.300;70.663;0;30.360;23.607;49.254;0;50.393;52.440;15.806;
78;SCHAHIN                                               ;C;3;         ;06/1999;251.105;2.451;0;3.328;48.981;0;54.760;9.422;117.353;3.182;7.199;20.200;0;38.990;42.329;2.093;
79;BANCOOB                                               ;I;3;         ;06/1999;260.847;681;0;18.231;54.597;0;73.508;138.132;0;40.461;0;4.784;0;3.960;17.543;-2.168;
80;LA PROVINCIA                                          ;I;4;         ;06/1999;212.386;29;0;0;6.706;0;6.734;0;0;2.150;16;172.041;0;31.445;63.460;23.717;
81;TRIANGULO                                             ;I;3;         ;06/1999;198.999;2.115;0;2.022;171.532;0;175.669;0;0;8.736;0;0;0;14.595;49.062;9.984;
82;AGROINVEST                                            ;I;5;2;06/1999;192.685;15;0;1.105;40.546;0;41.666;0;0;1.429;0;145.420;0;4.170;23.725;2.405;
83;GUANABARA                                             ;I;3;         ;06/1999;167.669;0;0;0;72.099;0;72.099;0;35.413;747;0;33.919;0;25.491;35.898;5.057;
84;UBS WARBURG                                           ;C;4;         ;06/1999;152.710;488;0;617;10.828;0;11.933;50;0;2.274;36;12.555;0;125.861;50.596;-4.165;
85;INVESTCRED                                            ;I;5;2;06/1999;132.339;0;0;16.940;93.234;0;110.175;0;0;5.714;0;0;0;16.451;58.054;8.124;
86;CLASSICO                                              ;I;3;         ;06/1999;5.252;654;0;0;0;0;654;0;0;34;645;0;0;3.920;176.092;17.471;
87;FATOR                                                 ;C;3;         ;06/1999;142.871;0;0;3.470;4.959;0;8.430;51.060;0;61.115;0;0;0;22.265;37.721;3.936;
88;DAYCOVAL                                              ;I;3;2;06/1999;95.245;2.054;0;0;61.385;0;63.439;1.648;0;5.450;0;9.468;0;15.240;83.806;17.629;
89;BCOMURUGUAI                                           ;I;4;         ;06/1999;129.615;745;0;39.609;17.123;0;57.476;0;0;3.105;46;51.808;0;17.180;29.435;11.255;
90;WACHOVIA                                              ;I;4;         ;06/1999;117.347;2.012;0;4.779;1.624;0;8.415;3.000;0;497;1.286;97.594;0;6.554;34.844;7.813;
91;INTERCAP                                              ;C;3;         ;06/1999;124.165;539;0;0;97.763;0;98.302;0;0;6.386;0;0;0;19.477;24.574;4.410;
92;PARAIBAN                                              ;I;2;         ;06/1999;107.740;78.411;0;0;3.319;0;81.730;274;0;7.906;0;851;0;16.979;37.911;3.854;
93;CRUZEIRO                                              ;I;3;2;06/1999;148.828;2.680;0;9.170;52.601;0;64.452;28.512;0;2.920;0;46.522;0;6.421;21.631;2.240;
94;CREDIBEL                                              ;I;3;2;06/1999;84.130;2.801;0;0;69.163;0;71.963;0;0;6.074;24;1.958;0;4.111;42.401;5.739;
95;VR                                                    ;C;3;         ;06/1999;94.843;1.568;0;5.608;36.197;0;43.374;4.756;0;20.498;31;4.453;0;21.731;33.573;4.926;
96;BEPI                                                  ;I;2;         ;06/1999;90.353;34.071;11.579;0;15.082;0;60.732;0;0;2.461;0;18.986;0;8.174;29.951;846;
97;THECA                                                 ;C;3;         ;06/1999;133.296;0;0;0;0;0;0;28.523;0;0;0;0;0;104.773;15.473;633;
98;FICSA                                                 ;I;3;2;06/1999;73.306;39;0;5.076;52.028;0;57.143;1.092;0;2.545;0;0;0;12.526;42.730;6.052;
99;ARAUCARIA                                             ;I;3;2;06/1999;84.972;1.800;0;2.790;43.404;0;47.995;3.383;0;5.418;3.758;5.577;0;18.842;30.650;1.799;
100;BANSICREDI                                            ;I;3;         ;06/1999;336.630;2.515;0;5.615;9.364;0;17.494;255.373;0;29.195;167;10.476;0;23.926;21.467;2.029;
101;BGN                                                   ;I;3;2;06/1999;74.411;283;0;0;55.041;0;55.324;0;0;1.159;1;15.600;0;2.328;21.467;1.200;
102;INTERIOR                                              ;I;3;         ;06/1999;72.071;10.663;0;233;44.006;0;54.901;4.503;0;4.342;75;7.133;0;1.116;21.169;263;
103;GERDAU                                                ;I;3;2;06/1999;76.256;38;0;1.513;18.941;0;20.492;2.439;0;50.921;0;0;0;2.403;13.902;1.737;
104;MORADA                                                ;I;3;2;06/1999;66.018;11;0;240;26.107;0;26.358;0;0;1.301;0;36.275;0;2.085;19.007;730;
105;PECUNIA                                               ;I;3;2;06/1999;62.088;121;0;5.070;45.331;0;50.522;0;0;1.270;575;0;0;9.722;20.437;1.501;
106;PARANA                                                ;I;3;2;06/1999;61.018;1.707;0;495;51.632;0;53.834;0;0;2.008;0;0;0;5.177;15.180;2.010;
107;RENNER                                                ;I;3;         ;06/1999;47.141;793;0;0;40.440;0;41.232;0;0;522;0;0;0;5.387;26.241;3.693;
108;LAVRA                                                 ;C;3;         ;06/1999;76.658;1.256;0;446;29.038;0;30.741;4.685;0;572;934;26.376;0;13.351;-3.635;-19.128;
109;SANTOS NEVES                                          ;I;3;2;06/1999;60.536;5.924;0;0;26.939;0;32.863;2.354;0;519;0;23.776;0;1.025;13.699;123;
110;GE CAPITAL                                            ;I;4;         ;06/1999;46.202;47;0;28.546;12.742;0;41.335;0;0;3.241;0;0;0;1.625;19.138;-4.749;
111;UNION                                                 ;I;4;         ;06/1999;32.724;1.652;0;0;11.396;0;13.048;0;0;409;5;13.663;0;5.599;31.159;1.839;
112;BANCNACION                                            ;I;4;         ;06/1999;36.840;1.576;0;0;2.090;0;3.666;0;0;389;266;28.326;0;4.192;25.427;8.390;
113;FRANCES INTER                                         ;I;4;         ;06/1999;22.403;1;0;0;427;0;428;0;0;124;0;14.103;0;7.749;39.070;11.155;
114;LUSO BRASILEIRO                                       ;I;3;         ;06/1999;42.761;2.485;0;0;33.571;0;36.056;1.081;0;1.040;17;2.785;0;1.782;18.872;45;
115;EXTERIBANK                                            ;I;4;         ;06/1999;16.196;39;0;962;0;0;1.001;0;0;77;0;2.428;0;12.691;41.763;14.240;
116;PRIMUS;C;3;         ;06/1999;45.032;109;0;0;988;0;1.097;15.573;0;131;0;0;0;28.230;24.711;5.882;
117;RIBEIRAO PRETO                                        ;I;3;         ;06/1999;34.254;144;0;0;11.209;0;11.353;0;0;1.116;0;18.369;0;3.415;19.860;2.738;
118;OPPORTUNITY                                           ;I;3;2;06/1999;247.364;0;0;0;0;0;0;231.875;0;0;0;0;0;15.489;33.356;9.365;
119;MATONE                                                ;I;3;2;06/1999;36.814;1.295;0;101;30.465;0;31.861;0;0;572;0;0;0;4.381;10.311;1.166;
120;CEDULA                                                ;I;3;         ;06/1999;25.933;947;0;0;23.251;0;24.198;0;0;322;0;0;0;1.413;19.798;405;
121;BONSUCESSO                                            ;C;3;         ;06/1999;28.902;447;0;0;20.584;0;21.031;0;0;364;0;0;0;7.507;12.770;644;
122;PLANIBANC                                             ;C;5;         ;06/1999;12.261;0;0;0;0;0;0;0;0;0;0;0;0;12.261;18.338;341;
123;BANCAP                                                ;I;3;2;06/1999;2.749;1.288;0;0;26;0;1.315;0;0;485;0;0;0;949;11.503;902;
124;LA REPUBLICA                                          ;I;4;         ;06/1999;8.027;405;0;0;0;0;405;0;0;146;96;1.067;0;6.312;2.659;-4.672;
125;HISPANO                                               ;I;4;         ;06/1999;2.208;0;0;0;0;0;0;0;0;1.070;0;0;0;1.138;3.533;-4.275;
Total 50 Maiores Bancos (Consolidado Bancario I)            ;;;;;;649.713.793;32.136.801;111.409.649;5.407.175;142.876.532;3.252.569;295.082.732;60.480.748;30.091.745;19.625.973;2.521.987;93.960.980;0;147.949.633;56.169.651;6.823.257;
% de Participacao 50 maiores Bancos (Consolidado Bancario I);;;;;;82,0%;93,0%;99,0%;51,0%;93,0%;83,0%;94,0%;85,0%;90,0%;94,0%;95,0%;59,0%;0,0%;79,0%;69,0%;80,0%;
Total demais Bancos (Consolidado Bancario I)                ;;;;;;24.282.523;1.028.718;602.004;1.043.961;5.762.909;295.909;8.733.501;4.700.592;1.238.840;810.569;95.273;4.688.133;0;4.015.617;4.231.015;497.157;
Total Consolidado Bancario I ( 125  Instituicoes )          ;;;;;;673.996.316;33.165.519;112.011.653;6.451.136;148.639.441;3.548.478;303.816.233;65.181.340;31.330.585;20.436.542;2.617.260;98.649.113;0;151.965.250;60.400.666;7.320.414;
% de Participacao Consolidado Bancario I                    ;;;;;;85,0%;96,0%;99,0%;61,0%;97,0%;90,0%;96,0%;92,0%;94,0%;97,0%;98,0%;62,0%;0,0%;81,0%;75,0%;86,0%;
1;BNDES                                                 ;I;1;         ;06/1999;68.727.616;423.734;0;0;0;0;423.734;0;0;0;3;48.611.056;0;19.692.823;10.588.342;65.686;
2;CCF BRASIL                                            ;C;4;         ;06/1999;4.402.410;1.294;0;177.247;62.396;0;240.937;225.852;419.589;280.555;16.596;1.078.105;0;2.140.777;556.375;109.284;
3;FIAT;C;4;         ;06/1999;3.938.188;0;0;631.307;1.289.084;0;1.920.391;53.952;0;0;0;186.346;0;1.777.499;427.452;24.365;
4;ALFA                                                  ;C;3;         ;06/1999;2.418.982;185;0;431.310;533.273;0;964.768;52.779;409.821;0;0;468.911;0;522.703;715.725;43.860;
5;FORD                                                  ;C;4;         ;06/1999;2.752.239;0;0;712.459;0;0;712.459;0;111.173;0;0;447.583;0;1.481.024;235.715;33.335;
6;ICATU                                                 ;C;3;         ;06/1999;2.937.127;1.298;0;20.439;514.953;0;536.690;1.737.478;0;48.556;19;172.449;0;441.936;406.438;150.525;
7;GM                                                    ;C;4;         ;06/1999;2.302.578;0;0;876.104;79.287;0;955.391;0;0;0;0;361.190;0;985.997;209.283;-24.847;
8;BANCOCIDADE                                           ;C;3;         ;06/1999;1.906.325;66.150;0;1.443;338.327;71;405.991;188.522;490.647;62.821;1.850;367.831;0;388.663;196.490;21.295;
9;VOLKSWAGEN                                            ;C;4;         ;06/1999;1.820.069;0;0;784.247;33.486;0;817.733;0;0;4.316;0;66.269;0;931.752;188.807;11.657;
10;BRDE                                                  ;I;2;         ;06/1999;1.498.189;0;0;0;0;0;0;0;0;0;0;1.443.973;0;54.216;407.497;-48.145;
11;MULTI                                                 ;I;4;         ;06/1999;1.404.256;119;0;0;141.901;0;142.021;0;0;58;0;479.123;0;783.055;305.160;139.202;
12;REPUBLIC NATION                                       ;C;4;         ;06/1999;1.192.421;1;0;0;8.815;0;8.816;94.081;551;839;0;879.480;0;208.655;233.256;108.039;
13;LIBERAL;C;4;         ;06/1999;1.003.782;1.229;0;0;21.663;0;22.892;175.950;0;12.824;0;229.790;0;562.325;169.049;62.881;
14;DAIMLERCHRYSLER                                       ;C;4;         ;06/1999;923.842;0;0;123.759;396;0;124.155;0;0;0;0;454.804;0;344.883;97.005;-8.498;
15;MATRIX                                                ;C;3;         ;06/1999;626.497;1.727;0;7.492;65.710;0;74.929;124.940;0;26.158;5;108.940;0;291.524;190.956;140.257;
16;DESENBANCO                                            ;I;2;         ;06/1999;697.052;1.004;0;0;0;0;1.004;0;0;0;0;457.482;0;238.566;116.363;26.811;
17;BDMG                                                  ;I;2;         ;06/1999;649.810;0;0;0;1.186;0;1.186;0;0;4.934;0;546.263;0;97.427;51.297;23.524;
18;INDUSVAL                                              ;C;3;         ;06/1999;310.452;8.606;0;2.554;48.161;41;59.362;66.802;5.459;3.020;21;9.429;0;166.360;27.197;3.827;
19;REDE                                                  ;I;3;         ;06/1999;16.303;0;0;0;9.405;0;9.405;0;0;0;0;2.634;0;4.264;257.927;143;
20;BANDES                                                ;I;2;2;06/1999;210.948;17.013;0;0;10.006;0;27.019;0;0;0;0;84.470;0;99.458;40.320;1.889;
21;BRJ                                                   ;I;3;         ;06/1999;220.538;0;0;0;498;0;498;0;0;0;0;213.747;0;6.293;15.138;75;
22;MERRILL LYNCH                                         ;C;4;         ;06/1999;168.441;0;0;0;0;0;0;5.982;0;2.307;0;0;0;160.152;59.280;1.547;
23;EUROINVEST                                            ;I;5;2;06/1999;165.888;151;0;122.354;1.487;0;123.992;0;0;11;0;16.259;0;25.626;42.022;2.480;
24;GRAPHUS                                               ;C;4;         ;06/1999;237.373;1.094;0;45.727;722;0;47.543;103.101;0;1.075;13;2.553;0;83.087;37.565;7.268;
25;STOCK;C;3;         ;06/1999;134.967;129;0;0;4.530;0;4.658;77.585;0;708;0;0;0;52.016;25.829;1.436;
26;RENDIMENTO                                            ;I;3;         ;06/1999;96.137;476;0;0;25.412;0;25.888;0;0;771;0;25.251;0;44.227;55.647;7.931;
27;VOLVO                                                 ;I;4;2;06/1999;130.535;0;0;3.827;18.361;0;22.188;0;0;0;0;90.817;0;17.530;16.303;-3.643;
28;SOCOPA                                                ;C;3;         ;06/1999;102.741;4.490;0;201;33.262;0;37.953;1.528;0;4.490;156;18.994;0;39.620;22.288;-2.536;
29;PORTO SEGURO                                          ;I;3;3;07/1997;108.789;0;0;0;309;0;309;107.657;0;0;0;0;0;823;9.354;-308;
30;TENDENCIA                                             ;C;3;         ;06/1999;22.480;0;0;0;212;0;212;615;0;219;0;190;0;21.244;93.074;28.550;
31;FENICIA                                               ;C;3;         ;06/1999;42.293;411;0;0;7.386;0;7.797;0;0;1.523;0;3.871;0;29.102;57.275;11.424;
32;ARBI                                                  ;C;3;         ;06/1999;65.671;63;0;0;639;0;702;56.583;0;163;0;5.410;0;2.813;30.467;-11.891;
33;PORTO REAL                                            ;I;3;         ;06/1999;73.323;5.178;2.460;0;35.710;0;43.348;3.375;0;2.836;19.305;1.420;0;3.040;14.469;-5.259;
34;PATENTE                                               ;C;3;         ;06/1999;94.670;441;0;0;1.657;0;2.098;85.009;0;0;0;0;0;7.563;25.663;4.376;
35;FONTE                                                 ;C;3;         ;06/1999;39.598;133;0;-2.032;2.045;0;146;0;0;142;0;0;0;39.310;40.696;-41.569;
36;EQUATORIAL                                            ;I;3;2;06/1999;45.337;707;0;0;33.193;0;33.900;80;0;299;4.975;0;0;6.083;32.139;2.993;
37;BANCO AXIAL                                           ;I;3;2;06/1999;51.927;10;0;0;29.327;0;29.337;7.558;0;175;0;0;0;14.857;23.436;-3.038;
38;BOREAL                                                ;I;3;2;06/1999;15.088;55;0;3.075;8.769;0;11.899;2.322;0;118;0;0;0;748;52.899;3.371;
39;PATRIMONIO                                            ;I;3;         ;06/1999;21.509;0;0;0;0;0;0;0;0;0;0;0;0;21.509;34.133;9.592;
40;INTERPART                                             ;I;3;         ;06/1999;43.518;219;0;660;10.089;0;10.969;0;0;85;0;30.814;0;1.650;11.232;-590;
41;TRICURY                                               ;I;3;         ;06/1999;35.753;0;0;0;33.544;0;33.544;0;0;0;0;0;0;2.209;14.211;1.011;
42;MARKA                                                 ;I;3;3;02/1999;21.187;43;0;0;1.771;0;1.814;0;0;856;125;0;0;18.392;25.056;-30.753;
43;INDUSCRED                                             ;I;3;         ;06/1999;28.600;1.379;0;0;24.387;0;25.766;0;0;154;2;0;0;2.678;16.463;1.719;
44;OURINVEST                                             ;C;3;         ;06/1999;13.720;0;0;0;5.137;0;5.137;0;0;0;0;1.875;0;6.708;28.617;7.728;
45;NEW HOLLAND                                           ;I;4;         ;06/1999;22.605;0;0;0;0;0;0;0;0;0;0;19.563;0;3.041;17.667;4.667;
46;MERCANTIL                                             ;I;3;2;06/1999;10.275;0;0;0;0;0;0;0;0;0;0;9.041;0;1.234;29.321;136;
47;NACOES                                                ;I;3;         ;06/1999;36.371;2.124;0;600;21.699;0;24.423;6.061;0;2.859;1;2.234;0;793;11.036;219;
48;HEXABANCO                                             ;I;3;         ;06/1999;26.116;315;0;0;22.128;0;22.442;0;0;0;0;0;0;3.674;5.018;-5.277;
49;EMBLEMA                                               ;I;3;2;06/1999;13.039;557;0;2.171;7.436;0;10.164;159;0;93;0;475;0;2.148;17.120;1.001;
50;BCO TOYOTA                                            ;I;4;2;06/1999;2.846;0;0;0;0;0;0;0;0;0;0;0;0;2.846;26.097;1.550;
51;MALCON                                                ;I;3;2;06/1999;9.768;25;0;0;0;0;25;0;6.555;304;0;0;0;2.883;17.594;945;
52;FICRISA AXELRUD                                       ;I;3;         ;06/1999;17.336;603;0;0;9.984;0;10.586;0;291;706;0;0;0;5.753;6.959;-802;
53;MAXINVEST                                             ;I;3;         ;06/1999;14.823;527;0;0;8.758;0;9.286;3.232;0;595;0;0;0;1.711;10.464;1.189;
54;KEB                                                   ;I;4;         ;06/1999;1.771;98;0;0;619;0;717;0;0;5;0;34;0;1.015;20.141;1.212;
55;MISASI                                                ;C;3;         ;06/1999;10.293;0;0;0;7.159;0;7.159;0;0;0;0;0;0;3.134;10.165;496;
56;POTTENCIAL                                            ;I;3;         ;06/1999;12.116;102;0;0;1.992;0;2.095;1.501;0;51;0;7.839;0;631;8.404;304;
57;PRIME                                                 ;I;3;2;06/1999;9.326;0;0;7.630;649;0;8.279;504;0;0;0;0;0;543;8.426;279;
58;BANACRE                                               ;I;2;         ;06/1999;123.056;0;0;0;0;0;0;0;0;0;14;0;0;123.043;-105.466;-14.243;
59;FINANSINOS                                            ;I;3;2;06/1999;6.636;10;0;0;5.137;0;5.147;0;0;113;0;0;0;1.376;9.396;103;
60;MINAS                                                 ;I;3;         ;06/1999;7.829;1.814;0;0;5.524;0;7.337;0;0;67;0;0;0;425;7.368;-134;
61;OK                                                    ;I;3;         ;06/1999;6.361;0;0;0;0;0;0;0;0;0;0;0;0;6.361;6.862;1.131;
62;PERFORMANCE                                           ;I;3;         ;06/1999;1.021;0;0;0;306;0;306;0;0;0;0;0;0;715;10.262;-493;
63;ROYAL INVEST                                          ;I;3;2;06/1999;574;0;0;0;227;0;227;0;0;0;0;0;0;347;8.233;-368;
64;TECNICORP                                             ;I;3;2;06/1999;7.123;0;0;0;0;0;0;0;0;9;0;0;0;7.113;1.486;-1.880;
65;INVESTOR                                              ;C;3;         ;06/1999;6.460;0;0;0;0;0;0;0;0;0;0;5.408;0;1.052;1.134;-109;
66;STERLING                                              ;I;5;         ;06/1999;11.631;0;0;0;0;0;0;0;0;0;0;2.897;0;8.733;-6.796;-2.714;
Total 5 Maiores Bancos (Consolidado Bancario II)            ;;;;;;82.239.435;425.213;0;1.952.323;1.884.753;0;4.262.289;332.583;940.583;280.555;16.599;50.792.001;0;25.614.826;12.523.609;276.530;
% de Participacao 5 maiores Bancos (Consolidado Bancario II);;;;;;10,0%;1,0%;0,0%;18,0%;1,0%;0,0%;1,0%;0,0%;3,0%;1,0%;1,0%;32,0%;0,0%;14,0%;15,0%;3,0%;
Total demais Bancos (Consolidado Bancario II)               ;;;;;;19.837.110;118.301;2.460;2.000.251;1.643.361;112;3.764.485;2.850.625;503.503;184.260;26.486;6.122.819;0;6.384.932;3.801.192;587.686;
Total Consolidado Bancario II ( 66  Instituicoes )          ;;;;;;102.076.545;543.514;2.460;3.952.574;3.528.114;112;8.026.774;3.183.208;1.444.086;464.815;43.085;56.914.820;0;31.999.758;16.324.801;864.216;
% de Participacao Consolidado Bancario II                   ;;;;;;13,0%;2,0%;0,0%;37,0%;2,0%;0,0%;3,0%;4,0%;4,0%;2,0%;2,0%;36,0%;0,0%;17,0%;20,0%;10,0%;
Total Consolidado Bancario III ( 1161  Instituicoes )       ;;;;;;2.895.449;734.186;0;0;1.127.897;295.248;2.157.332;0;0;54.193;2.214;296.050;0;385.628;1.150.060;108.279;
% de Participacao Consolidado Bancario III                  ;;;;;;0,0%;2,0%;0,0%;0,0%;1,0%;8,0%;1,0%;0,0%;0,0%;0,0%;0,0%;0,0%;0,0%;0,0%;1,0%;1,0%;
Total Consolidado Nao Bancario ( 382  Instituicoes )        ;;;;;;10.487.012;0;832.479;249.194;153.945;84.456;1.320.074;2.511.090;483.933;25.890;0;2.900.364;0;3.245.664;3.078.774;218.407;
% de Participacao Consolidado Nao Bancario                  ;;;;;;1,0%;0,0%;1,0%;2,0%;0,0%;2,0%;0,0%;4,0%;1,0%;0,0%;0,0%;2,0%;0,0%;2,0%;4,0%;2,0%;
Total do Sistema Financeiro Nacional                        ;;;;;;789.455.322;34.443.219;112.846.592;10.652.904;153.449.397;3.928.294;315.320.413;70.875.638;33.258.604;20.981.440;2.662.559;158.760.347;0;187.596.300;80.954.301;8.511.316;
Fonte: Sisbacen
TD (Tipo de Documento): C - Conglomerado, I - Instituição Independente
TC (Tipo de Controle): 1 - Público Federal, 2 - Público Estadual, 3 - Privado Nacional, 4 - Privado Controle Estrangeiro, 5 - Privado Participação Estrangeira
Obs.: 1 - Excepcionalidades ao cumprimento de limites - Vide Relatório
      2 - Instituições líderes do conglomerado bancário não optante pela consolidação mensal de balancetes.
       3 - O banco PONTUAL                                                descumpriu o prazo de entrega de documentos contábeis estabelecido pelos normativos em vigor.
