50 Maiores Bancos e o Consolidado do Sistema Financeiro Nacional
PASSIVOS
Data-base: Dezembro/1995;;;;;;;;;;;;;;;;;;;Balancetes processados até: 22/12/2005

;;;;;;;;;;;;;;;;;;;;Em R$ Mil
PASSIVOS;;;;;;;;;;;;;;;;;;;;Patrimônio;Lucro
Ranking;Instituições;TD;TC;Obs.;Data;Passivo;Depósitos;;;;;;Captações no;Recursos de Aceites;Relações;Relações;Obrigações por;Instrumentos Financeiros;Outras Obrigações e;Líquido;Líquido
;;;;;Balancete;Exigível;À Vista;Poupança;Interfinanceiros;A Prazo;Outros;Total;Mercado Aberto;e Emissão de Títulos;Interfinanceiras;Interdependências;Empréstimos e Repasses;Derivativos;Exercícios Futuros
1;CEF                                                   ;I;1;         ;12/1995;76.883.658;671.662;14.747.054;2.160.638;23.876.529;7.465.172;48.921.055;581.326;3.749.540;29.998;246.162;658.761;0;22.696.815;3.529.403;65.377;
2;BB                                                    ;C;1;         ;12/1995;76.388.282;5.617.404;12.231.239;7.520.395;28.203.213;192.617;53.764.869;4.169.552;608.533;16.298;371.688;8.242.769;0;9.214.573;3.466.471;-1.578.505;
3;BANESPA                                               ;C;2;         ;12/1995;47.681.504;2.147.314;1.829.511;7.237.480;6.810.588;2.307;18.027.200;12.133.125;0;1.773;78.742;13.433.754;0;4.006.909;1.461.974;-22.765;
4;BRADESCO                                              ;I;3;2;12/1995;24.005.004;2.672.521;8.386.522;138.038;3.393.128;1;14.590.210;3.774.636;77.252;4.492;258.311;3.958.356;0;1.341.746;4.842.092;249.045;
5;UNIBANCO                                              ;C;5;         ;12/1995;20.322.779;1.021.330;2.162.316;37.037;6.467.699;1.603;9.689.985;1.570.729;2.302.000;15.153;125.258;4.709.013;0;1.910.641;1.967.951;78.876;
6;ITAU                                                  ;I;3;2;12/1995;16.275.677;1.576.233;6.664.733;173.932;1.248.560;285;9.663.743;941.643;357.254;165.723;145.272;2.860.988;0;2.141.055;3.340.808;155.985;
7;BAMERINDUS                                            ;C;3;         ;12/1995;13.244.601;636.866;2.803.264;1.077.207;1.820.002;1.880;6.339.219;1.576.188;66.990;4.923;162.766;2.053.749;0;3.040.766;1.337.229;30.968;
8;REAL;C;3;         ;12/1995;9.730.639;732.139;2.295.266;98.611;2.993.039;977;6.120.031;204.123;3.926;50.190;48.923;1.987.885;0;1.315.561;1.385.025;63.300;
9;NOSSA CAIXA                                           ;I;2;         ;12/1995;8.011.924;299.453;2.868.857;427.176;3.012.189;429;6.608.104;252.020;215.840;24;5.112;136.171;0;794.653;718.771;1.635;
10;BANRISUL                                              ;I;2;2;12/1995;11.742.213;276.095;476.532;130.826;999.038;325;1.882.816;4.619.125;0;191;10.579;4.995.813;0;233.689;440.261;4.530;
11;SAFRA                                                 ;C;3;         ;12/1995;6.507.533;11.878;358.236;253.207;2.628.099;103;3.251.524;347.218;274.407;1.937;33.571;987.417;0;1.611.459;579.840;80.139;
12;CREDIREAL                                             ;I;2;2;12/1995;6.550.223;29.455;97.341;309.353;361.716;0;797.865;216.437;0;151;2.904;5.405.594;0;127.272;73.094;-4.288;
13;BANERJ                                                ;I;2;2;12/1995;8.060.043;325.397;772.711;852.477;1.096.465;3.594;3.050.645;9.000;0;4.497;1.710;4.044.627;0;949.564;-1.859.496;-336.060;
14;BCN                                                   ;I;3;2;12/1995;8.187.609;67.812;534.390;34.048;2.575.961;43;3.212.254;3.106.081;17.557;65.386;26.369;1.026.724;0;733.237;813.552;64.832;
15;BNB                                                   ;I;1;         ;12/1995;5.157.617;167.800;123.924;11.683;507.269;0;810.676;105.488;180.092;48.828;194;1.280.100;0;2.732.239;414.137;74.084;
16;BANESTADO                                             ;C;2;         ;12/1995;4.700.813;341.061;895.886;401.515;1.206.197;117;2.844.776;94.581;245.608;457;25.372;974.055;0;515.964;441.949;24.100;
17;SUDAMERIS                                             ;C;4;         ;12/1995;4.556.341;50.834;367.957;89.270;1.279.860;3.589;1.791.509;781.247;131.426;6.169;34.520;1.180.255;0;631.214;407.691;33.332;
18;CITIBANK                                              ;C;4;         ;12/1995;3.676.944;82.881;171.945;13.032;1.076.143;4;1.344.005;125.961;11.177;0;13.076;1.258.612;0;924.113;572.967;30.074;
19;BANKBOSTON                                            ;C;4;         ;12/1995;4.047.153;30.807;17.096;0;1.201.834;3.724;1.253.461;734.279;0;23.650;40.257;1.262.252;0;733.253;342.723;8.445;
20;BBA-CREDITANSTALT;I;5;2;12/1995;4.029.420;9;0;36.678;459.679;0;496.366;645.279;0;0;95;1.544.167;0;1.343.512;315.619;44.865;
21;MERCAPAULO                                            ;I;3;2;12/1995;2.802.455;32.846;454.372;44.396;1.613.377;1;2.144.992;37.367;0;3.888;20.819;381.756;0;213.632;807.021;26.672;
22;BOAVISTA                                              ;C;3;         ;12/1995;3.184.168;35.083;73.655;99.306;2.075.045;519;2.283.609;88.440;11.180;1.393;1.241;410.467;0;387.838;379.329;14.003;
23;LLOYDS                                                ;C;4;         ;12/1995;3.415.919;5.511;0;29.682;1.557.271;0;1.592.464;308.970;0;25.601;835;1.043.008;0;445.041;280.377;-8.394;
24;AMERICA DO SUL                                        ;I;5;2;12/1995;3.265.908;208.823;406.905;3.698;1.074.388;21.783;1.715.597;551.958;0;51.758;68.565;680.908;0;197.122;356.854;20.419;
25;BCO BFB                                                   ;I;4;2;12/1995;2.597.256;29.189;217.093;210.213;290.954;2.664;750.112;74.883;165.708;14.513;19.008;1.139.175;0;433.856;236.471;-18.882;
26;BOZANO,SIMONSEN                                       ;C;5;         ;12/1995;3.227.186;7.994;0;27.806;563.696;0;599.496;865.058;150.694;0;3.558;408.808;0;1.199.572;346.539;40.042;
27;ABN AMRO                                              ;I;4;2;12/1995;2.531.514;3.428;0;249.406;830.384;73;1.083.292;118.853;0;4.940;2.873;925.753;0;395.803;231.536;28.222;
28;BEMGE                                                 ;I;2;2;12/1995;2.444.664;305.805;432.221;13.525;942.753;1.983;1.696.288;189.399;0;8.244;14.565;180.428;0;355.739;246.577;-58.289;
29;MERIDIONAL                                            ;I;1;2;12/1995;1.834.184;27.485;536.116;0;663.964;0;1.227.565;88.391;668;164;179;228.995;0;288.222;419.895;11.660;
30;BCO BANDEIRANTES                                          ;I;3;2;12/1995;3.450.283;48.266;329.350;103.766;748.412;19;1.229.811;1.771.948;105.866;10.939;24.854;119.930;0;186.935;250.270;17.833;
31;PONTUAL                                               ;C;3;         ;12/1995;1.938.501;3.212;0;193.232;467.059;0;663.503;617.253;159.846;0;0;359.276;0;138.623;143.017;14.860;
32;BANEB                                                 ;I;2;2;12/1995;1.447.756;80.363;231.719;86.686;401.971;7.000;807.739;95.314;7.193;6.524;484;462.146;0;68.355;176.186;2.040;
33;BANCO BMC                                                   ;I;3;2;12/1995;1.326.776;2.283;0;138.996;427.502;0;568.781;175.099;0;0;227;468.333;0;114.336;206.874;4.480;
34;BESC                                                  ;I;2;2;12/1995;1.401.995;162.342;0;59.438;321.380;0;543.160;380.944;0;309;772;348.620;0;128.190;189.905;11.197;
35;DIBENS                                                ;C;3;         ;12/1995;1.282.126;4.350;0;6.789;482.092;0;493.231;44.631;190.727;7.116;428;369.601;0;176.391;154.536;18.429;
36;JP MORGAN                                             ;C;4;         ;12/1995;1.247.796;11;0;14.556;628.437;0;643.003;0;0;0;0;254.751;0;350.042;121.360;7.007;
37;BMB                                                   ;I;3;2;12/1995;1.121.496;43.867;155.477;48.484;516.631;0;764.459;129.258;0;2.498;9.173;78.160;0;137.948;336.860;16.468;
38;EXCEL                                                 ;I;4;2;12/1995;1.032.856;4.800;0;45.614;552.479;0;602.893;52.673;0;4.353;1.530;324.287;0;47.120;230.443;52.661;
39;PACTUAL                                               ;I;3;2;12/1995;1.886.395;0;0;123.360;126.957;0;250.317;909.042;0;2;0;112.994;0;614.040;231.415;43.960;
40;CREDIBANCO                                            ;I;5;2;12/1995;1.060.747;157;0;12.802;167.530;0;180.490;30.406;0;75.662;0;688.466;0;85.723;150.272;10.016;
41;VOTORANTIM                                            ;I;3;         ;12/1995;1.730.897;0;0;36.160;789.157;0;825.317;705.571;0;0;22;133.059;0;66.928;132.207;18.190;
42;BRB                                                   ;I;2;2;12/1995;970.102;128.298;159.143;0;197.989;123.923;609.353;37.180;39.876;38;160;201.107;0;82.389;224.303;-10.731;
43;BIC                                                   ;I;3;2;12/1995;1.000.567;4.565;55.742;66.729;504.469;0;631.504;10.231;0;170;109;238.016;0;120.536;163.185;20.910;
44;CHASE MANHATTAN                                       ;I;4;2;12/1995;1.225.522;1.613;0;34.438;436.518;0;472.569;356.437;0;0;2;213.688;0;182.827;202.124;10.783;
45;DEUTSCHE                                              ;I;4;         ;12/1995;978.255;1.923;0;7.232;174.543;0;183.697;1.293;0;0;10.674;654.645;0;127.945;82.520;-1.408;
46;FIBRA                                                 ;I;3;2;12/1995;940.378;2.216;0;216.173;229.021;0;447.410;61.226;0;0;3;259.039;0;172.700;115.440;19.185;
47;RURAL                                                 ;C;3;         ;12/1995;920.443;2.871;391;5.007;497.472;1;505.742;25.053;0;26;107;71.929;0;317.585;134.017;7.034;
48;BASA                                                  ;I;1;         ;12/1995;978.976;61.079;44.679;0;59.152;358.732;523.642;40.569;0;42;337;72.134;0;342.253;35.223;-21.454;
49;BMG                                                   ;C;3;         ;12/1995;857.306;2.147;0;25.218;397.451;0;424.817;5.099;164.316;33.297;2;147.411;0;82.364;115.319;12.001;
50;GERAL DO COMERCIO;C;3;         ;12/1995;826.829;37.636;0;21.285;418.732;0;477.654;79.979;0;1.564;6.074;141.546;0;120.013;135.080;5.857;
51;BCN BARCLAYS                                          ;I;5;2;12/1995;808.105;3;0;72.869;230.980;0;303.853;805;0;2.706;3.630;392.720;0;104.391;113.220;14.180;
52;DEUTSCH                                               ;I;4;         ;12/1995;819.599;306;0;6.868;69.907;0;77.081;3.149;0;0;903;620.407;0;118.058;89.458;-423;
53;SOGERAL;C;5;         ;12/1995;1.255.431;495;0;40.712;215.770;0;256.978;579.526;0;0;1.073;297.633;0;120.220;84.729;-1.101;
54;BANESTES                                              ;I;2;2;12/1995;768.086;67.435;266.553;3.209;232.006;1.208;570.411;24.511;5.155;5;7.590;110.286;0;50.129;81.448;-1.052;
55;BEC                                                   ;I;2;2;12/1995;687.193;39.187;98.590;6.077;154.271;96.199;394.325;16.774;5.161;1;52;207.300;0;63.580;71.869;1.495;
56;NEDERLANDEN                                           ;I;4;         ;12/1995;855.422;51;0;49.327;194.367;0;243.745;257.696;147.830;0;1.077;187.832;0;17.242;93.552;6.179;
57;SUMITBANK                                             ;I;4;         ;12/1995;584.687;1.639;0;15.593;76.198;140;93.571;15.681;104.353;0;2.512;332.048;0;36.522;118.606;6.553;
58;BNL                                                   ;I;4;2;12/1995;574.914;237;0;46.948;230.622;0;277.806;31.847;0;9.807;857;204.904;0;49.693;85.128;5.503;
59;BANDEPE                                               ;I;2;2;12/1995;560.082;76.804;138.539;1.932;150.169;32;367.477;10.285;520;114;2.210;102.500;0;76.977;59.552;-86.465;
60;ABC-ROMA                                              ;I;5;2;12/1995;477.449;1.360;0;54.432;269.875;0;325.667;339;0;0;0;125.307;0;26.137;107.235;12.377;
61;BEAL                                                  ;I;4;2;12/1995;628.175;347;0;24.973;146.254;0;171.574;109.209;0;0;4.559;265.345;0;77.488;64.651;1.001;
62;OMEGA;C;3;         ;12/1995;519.973;71;0;1.826;20.124;0;22.022;413.631;0;0;51;4.187;0;80.083;43.861;-1.338;
63;MITSUBISHI                                            ;I;4;2;12/1995;444.748;197;0;14.021;72.664;0;86.881;4.010;0;0;1.900;295.784;0;56.173;112.887;7.308;
64;SANTOS                                                ;I;3;2;12/1995;483.838;1.026;0;49.076;67.271;0;117.373;351.280;0;0;826;0;0;14.360;36.110;329;
65;SRL                                                   ;I;5;         ;12/1995;410.789;0;0;7.910;178.535;0;186.446;4.476;0;0;29;9.647;0;210.192;70.686;5.966;
66;BMD                                                   ;C;3;         ;12/1995;399.952;2.460;0;17.910;225.525;0;245.895;10.886;0;0;5.766;36.889;0;100.515;83.561;3.387;
67;SUL AMERICA                                           ;I;5;2;12/1995;344.879;305;0;56.150;17.503;0;73.958;159.717;0;0;0;87.098;0;24.106;85.087;16.327;
68;BEG                                                   ;I;2;2;12/1995;313.377;65.366;36.776;23.717;76.698;7;202.564;18.143;0;57;1.803;20.249;0;70.561;70.728;1.391;
69;BANFORT                                               ;I;3;2;12/1995;275.297;2.797;0;39.340;150.166;0;192.304;7.435;0;393;79;55.892;0;19.196;56.791;1.273;
70;BANSANDER                                             ;I;4;         ;12/1995;324.176;35;0;60.089;5.119;0;65.242;241.843;0;0;0;2.821;0;14.269;25.380;1.388;
71;CACIQUE                                               ;I;3;         ;12/1995;263.752;4.171;0;2.417;55.596;0;62.184;85.145;0;1.187;1;58.248;0;56.987;32.037;-1.627;
72;BANPARA                                               ;I;2;2;12/1995;222.494;43.945;27.319;439;41.573;16.412;129.687;8.177;0;0;1.205;62.876;0;20.549;52.427;-18.395;
73;INVESTCRED                                            ;I;3;2;12/1995;231.609;2.713;0;10.444;170.352;0;183.509;0;0;0;0;0;0;48.100;29.653;-1.000;
74;FININVEST                                             ;I;5;2;12/1995;194.485;446;0;7.195;157.702;0;165.343;9.589;0;0;140;173;0;19.241;37.138;1.411;
75;AGF                                                   ;I;5;         ;12/1995;196.033;26;0;9.012;158.266;0;167.304;9.865;0;52;0;13.201;0;5.611;29.702;3.715;
76;PANAMERICANO                                          ;I;3;2;12/1995;187.701;1.822;0;24.659;148.125;0;174.606;5.351;0;1.283;229;2.178;0;4.053;21.466;203;
77;PORTUGUES                                             ;I;4;         ;12/1995;159.561;1.085;0;3.108;10.049;0;14.241;0;0;0;184;115.788;0;29.348;40.244;-602;
78;SOFISA                                                ;C;3;         ;12/1995;150.293;1.077;0;48.828;79.719;0;129.624;5.286;0;0;3.473;5.611;0;6.299;51.529;7.596;
79;CREDITO SP                                            ;I;3;2;12/1995;116.057;523;0;14.883;65.270;0;80.677;1.710;0;10.605;622;4.513;0;17.930;63.950;6.664;
80;BEM                                                   ;I;2;2;12/1995;150.460;32.605;27.358;9.024;34.501;0;103.488;15.061;0;0;167;19.503;0;12.241;25.075;-19.120;
81;BANESE                                                ;I;2;         ;12/1995;140.735;27.113;48.104;0;37.626;3.157;116.001;5.505;0;130;0;10.148;0;8.951;19.201;-6.255;
82;FINANCIAL                                             ;I;4;         ;12/1995;122.487;2.632;0;0;17.751;1;20.385;500;0;0;331;97.820;0;3.450;33.022;933;
83;SCHAHIN                                               ;C;3;         ;12/1995;133.088;244;0;1.788;39.100;0;41.132;12.874;0;0;25;61.344;0;17.713;18.101;-1.995;
84;PRODUBAN                                              ;I;2;2;12/1995;145.499;28.869;21.048;0;10.676;0;60.593;0;0;87;429;70.806;0;13.584;-14.946;-25.620;
85;BBC                                                   ;I;3;2;12/1995;115.056;16.749;18.683;3.997;44.418;2;83.848;9.227;1.045;0;1.745;8.096;0;11.094;20.891;-1.200;
86;HISPANO                                               ;I;4;         ;12/1995;103.728;301;0;0;27.586;0;27.886;0;0;1;0;73.989;0;1.852;16.186;-1.243;
87;INDUSTRIAL                                            ;I;3;2;12/1995;71.530;8;0;14.267;31.350;0;45.625;0;0;0;0;17.215;0;8.690;40.361;2.914;
88;BCO GARANTIA                                              ;I;3;2;12/1995;46.107;139;0;24.330;11.622;0;36.091;0;0;0;0;0;0;10.016;53.634;3.268;
89;PARAIBAN                                              ;I;2;         ;12/1995;38.380;18.899;0;0;2.968;0;21.866;0;0;0;1;307;0;16.207;61.222;3.749;
90;CREDIBEL                                              ;I;3;         ;12/1995;82.079;181;0;0;77.065;0;77.246;100;0;7;708;0;0;4.018;14.917;-1.169;
91;CONTINENTAL                                           ;I;5;2;12/1995;38.086;0;0;1.381;48;0;1.429;0;0;0;0;26.741;0;9.917;57.983;-892;
92;BRASCAN                                               ;C;5;         ;12/1995;62.333;0;0;0;48.922;0;48.922;0;0;0;339;1.968;0;11.104;29.555;1.915;
93;DAYCOVAL                                              ;I;3;2;12/1995;51.030;1.474;0;5.089;25.894;0;32.457;12.036;0;20;8;4.737;0;1.773;34.738;708;
94;PEBB                                                  ;I;3;2;12/1995;43.611;76;0;2.167;36.133;23;38.399;0;0;0;0;4.918;0;294;41.986;-695;
95;BEPI                                                  ;I;2;         ;12/1995;48.621;22.165;0;0;7.502;0;29.667;0;0;0;4;205;0;18.745;35.121;1.366;
96;LAVRA                                                 ;I;3;2;12/1995;65.909;1.318;0;2.056;30.467;0;33.841;420;0;0;235;25.603;0;5.809;16.427;79;
97;TRIANGULO                                             ;I;3;         ;12/1995;58.141;1.188;0;968;48.094;0;50.250;600;0;0;6;0;0;7.285;20.871;1.057;
98;UNION                                                 ;I;4;         ;12/1995;61.034;1.370;0;0;26.829;1;28.200;3.699;0;0;1.141;21.013;0;6.981;14.993;-15.175;
99;BEMAT                                                 ;I;2;         ;12/1995;76.649;26.538;0;0;15.179;0;41.717;11.010;0;0;1.364;10.916;0;11.642;6.105;-7.712;
100;GUANABARA                                             ;I;3;         ;12/1995;50.746;0;0;478;26.604;0;27.082;0;0;0;70;20.446;0;3.147;15.353;1.095;
101;FATOR                                                 ;C;3;         ;12/1995;50.002;0;0;19.929;2.892;0;22.821;1.165;0;0;0;323;0;25.692;15.775;904;
102;ARAUCARIA                                             ;I;3;2;12/1995;49.960;220;0;1.183;17.353;0;18.755;0;0;1.030;2;2.839;0;27.333;13.163;583;
103;MAPPIN                                                ;I;3;2;12/1995;45.246;516;0;29.033;14.381;0;43.930;0;0;432;0;0;0;884;15.281;907;
104;INTERUNION                                            ;I;3;2;12/1995;39.700;1.060;0;4.680;16.589;0;22.329;9.311;0;46;0;6.889;0;1.124;21.118;3.042;
105;INTERCAP                                              ;I;3;2;12/1995;47.307;92;0;2.493;43.647;0;46.232;30;0;27;0;0;0;1.018;11.476;1.456;
106;PRIMUS                                                ;I;3;2;12/1995;42.676;63;0;842;5.670;0;6.575;30.370;0;0;0;0;0;5.730;14.968;1.429;
107;PARANA                                                ;I;3;2;12/1995;44.789;750;0;169;33.926;0;34.846;200;0;50;2;810;0;8.881;12.235;190;
108;VR                                                    ;I;3;2;12/1995;40.014;92;0;1.023;32.125;0;33.240;2.356;0;0;90;0;0;4.328;19.010;949;
109;VEGA                                                  ;C;3;         ;12/1995;36.574;47;0;-9;23.111;0;23.150;1.006;0;3;0;3.503;0;8.913;17.467;589;
110;PROSPER                                               ;I;3;2;12/1995;31.424;573;0;6.409;11.084;0;18.065;2.733;0;0;313;2.812;0;7.501;22.507;-5.297;
111;FICSA                                                 ;I;3;2;12/1995;32.369;26;0;1.539;17.366;0;18.931;2.202;0;0;0;0;0;11.236;16.002;3.379;
112;LOGICA                                                ;I;3;         ;12/1995;27.042;0;0;0;15.402;0;15.402;0;0;0;0;0;0;11.640;16.436;1.150;
113;MORADA                                                ;I;3;2;12/1995;28.942;0;0;870;2.363;0;3.233;0;0;0;0;23.189;0;2.520;14.222;187;
114;PECUNIA                                               ;I;3;2;12/1995;21.862;591;0;0;12.241;0;12.832;0;0;0;0;0;0;9.030;16.242;104;
115;LUSO BRASILEIRO                                       ;I;3;         ;12/1995;25.078;677;0;685;19.941;0;21.303;1.868;0;0;121;0;0;1.786;12.794;-242;
116;LA PROVINCIA                                          ;I;4;         ;12/1995;18.196;7;0;0;231;0;239;0;0;0;40;14.935;0;2.982;17.755;-102;
117;UNIVERSAL                                             ;I;3;2;12/1995;24.568;162;0;14.918;2.542;0;17.622;0;0;18;3.976;0;0;2.951;9.975;-577;
118;AGROINVEST                                            ;I;5;2;12/1995;26.080;0;0;124;22.543;0;22.668;0;0;0;0;2.712;0;701;7.309;-883;
119;BANER                                                 ;I;2;         ;12/1995;19.326;6.407;0;0;132;0;6.539;4.774;0;0;109;5.436;0;2.467;12.511;-2.233;
120;BANAP                                                 ;I;2;         ;12/1995;21.492;9.622;0;1.502;3.642;0;14.766;3.653;0;1;1;0;0;3.072;5.876;-1.519;
121;EXTERIBANK                                            ;I;4;         ;12/1995;1.603;1;0;0;164;0;165;0;0;0;0;577;0;861;24.138;286;
122;SEGMENTO                                              ;I;3;2;12/1995;15.540;204;0;3.583;10.963;0;14.750;344;0;3;0;0;0;444;9.218;-1;
123;RENNER                                                ;I;3;         ;12/1995;11.909;43;0;0;8.264;0;8.306;0;0;0;0;0;0;3.603;11.112;974;
124;CEDULA                                                ;I;3;2;12/1995;9.909;326;0;1;8.661;0;8.988;0;0;569;0;0;0;352;12.703;976;
125;INTERIOR                                              ;I;3;         ;12/1995;11.146;1.690;0;0;8.422;0;10.111;656;0;0;31;0;0;348;11.348;63;
126;EMPRESARIAL                                           ;I;3;2;12/1995;10.473;1.052;0;700;6.885;0;8.636;1.402;0;0;0;0;0;435;10.559;-156;
127;CLASSICO                                              ;I;3;         ;12/1995;5.625;137;0;0;652;0;789;0;0;0;121;0;0;4.715;15.360;-2.208;
128;CRUZEIRO                                              ;I;3;2;12/1995;5.943;187;0;2.826;2.729;0;5.742;0;0;0;0;0;0;202;14.012;-568;
129;RIBEIRAO PRETO                                        ;I;3;         ;12/1995;11.928;2;0;0;6.742;0;6.745;4.013;0;0;0;0;0;1.170;11.685;496;
130;LA REPUBLICA                                          ;I;4;         ;12/1995;2.665;264;0;0;0;0;264;0;0;0;0;1.093;0;1.307;15.921;1.234;
131;CAMBIAL                                               ;C;3;         ;12/1995;9.095;0;0;22;1.265;0;1.287;6.472;0;0;0;0;0;1.336;9.176;-270;
132;BVA                                                   ;I;3;         ;12/1995;6.800;99;0;412;5.411;0;5.922;773;0;0;0;0;0;104;12.144;314;
133;MATONE                                                ;I;3;2;12/1995;10.159;324;0;0;8.767;0;9.091;108;0;0;0;0;0;960;7.778;83;
134;BGN                                                   ;I;3;         ;12/1995;1.017;156;0;0;79;0;235;0;0;0;0;0;0;782;16.049;356;
135;BANCNACION                                            ;I;4;         ;12/1995;12.601;439;0;4.157;1.768;0;6.364;0;0;0;0;5.726;0;511;4.077;-2.132;
136;PREMIER                                               ;I;3;         ;12/1995;8.684;374;0;0;5.979;0;6.352;0;0;0;0;12;0;2.319;7.832;956;
137;SANTOS NEVES                                          ;I;3;2;12/1995;5.652;1.086;0;61;3.582;0;4.729;419;0;0;0;0;0;504;10.859;-318;
138;GERDAU                                                ;I;3;2;12/1995;3.705;0;0;0;3.071;0;3.071;0;0;1;0;0;0;633;11.567;7;
139;INDUSCRED                                             ;I;3;2;12/1995;4.173;242;0;0;1.900;0;2.143;1.513;0;0;0;0;0;517;12.303;1.773;
140;COMERCIAL SP                                          ;I;3;         ;12/1995;11.295;639;0;0;3.733;0;4.371;0;0;0;0;6.764;0;160;-2.259;-12.390;
141;THECA                                                 ;I;3;2;12/1995;522;0;0;0;0;0;0;0;0;0;0;0;0;522;7.701;550;
142;BCO PLANIBANC                                             ;I;5;2;12/1995;3.290;2;0;0;2.182;0;2.184;0;0;0;0;0;0;1.106;3.406;-779;
143;BANCIONAL                                             ;I;3;2;12/1995;1.098;644;0;0;0;0;644;0;0;0;0;322;0;133;3.743;319;
144;CREDIPLAN                                             ;I;3;         ;12/1995;3.601;212;0;200;1.016;0;1.429;0;0;0;0;0;0;2.172;-1.041;-3.242;
Total 50 Maiores Bancos (Consolidado Bancario I)            ;;;;;;412.689.233;18.007.114;60.901.643;22.926.600;109.373.994;8.193.468;219.402.820;43.840.563;9.237.676;692.881;1.817.482;73.119.498;0;64.578.303;31.427.216;-617.260;
% de Participacao 50 maiores Bancos (Consolidado Bancario I);;;;;;75,0%;91,0%;96,0%;76,0%;88,0%;98,0%;89,0%;58,0%;78,0%;69,0%;74,0%;62,0%;0,0%;69,0%;63,0%;65,0%;
Total demais Bancos (Consolidado Bancario I)                ;;;;;;15.804.546;526.826;682.970;876.861;4.660.427;117.182;6.864.269;2.532.766;264.064;28.635;52.150;4.175.154;0;1.887.508;3.004.994;-81.410;
Total Consolidado Bancario I ( 144  Instituicoes )          ;;;;;;428.493.779;18.533.940;61.584.613;23.803.461;114.034.421;8.310.650;226.267.089;46.373.329;9.501.740;721.516;1.869.632;77.294.652;0;66.465.811;34.432.210;-698.670;
% de Participacao Consolidado Bancario I                    ;;;;;;78,0%;94,0%;97,0%;78,0%;92,0%;100,0%;92,0%;62,0%;81,0%;72,0%;76,0%;65,0%;0,0%;71,0%;69,0%;74,0%;
1;BNDES                                                 ;I;1;         ;12/1995;29.705.257;220.962;0;0;3.909;0;224.871;0;0;0;0;16.135.478;0;13.344.908;13.864.117;306.217;
2;ECONOMICO                                             ;C;3;         ;12/1995;8.394.210;178.382;417.201;11.901;830.285;303;1.438.072;0;319.790;12.618;232.494;5.719.407;0;671.828;-2.578.873;-417.712;
3;NOROESTE                                              ;C;3;         ;12/1995;3.495.823;24.967;199.520;1.229;1.249.848;0;1.475.564;293.636;382.815;0;21.282;662.032;0;660.495;418.897;36.806;
4;CCF BRASIL                                            ;C;4;         ;12/1995;5.093.618;734;0;21.920;612.538;0;635.192;2.126.001;2.507;5.279;2.921;519.700;0;1.802.019;181.070;2.074;
5;NACIONAL                                              ;C;3;         ;12/1995;9.472.651;0;0;1.608.322;0;0;1.608.322;0;0;111.073;0;5.763.720;0;1.989.537;-6.274.430;-581.544;
6;BBI;C;3;         ;12/1995;2.597.642;335.262;0;71.638;699.964;120;1.106.984;544.080;127.420;56.081;100.700;358.455;0;303.920;218.804;23.476;
7;BCO INV GARANTIA                                              ;I;3;2;12/1995;1.842.081;0;0;78.101;763.035;0;841.137;43.734;0;0;0;429.754;0;527.458;400.508;68.761;
8;NORCHEM                                               ;C;5;         ;12/1995;2.225.336;493;0;731.137;678.871;0;1.410.500;212.602;0;0;0;123.816;0;478.417;157.191;20.272;
9;BANORTE                                               ;I;3;2;12/1995;1.673.104;28.647;323.579;272.573;313.527;53;938.379;73.428;31.287;8.773;4.825;529.488;0;86.926;166.584;6.239;
10;MULTIPLIC                                             ;C;5;         ;12/1995;1.422.555;1.925;0;37.055;671.284;0;710.264;48.763;14.392;0;3;403.775;0;245.360;350.786;45.705;
11;BANCOCIDADE                                           ;C;3;         ;12/1995;1.970.526;8.683;0;20.683;999.715;89;1.029.171;414.673;0;36;9.137;391.603;0;125.907;143.811;9.555;
12;BISA                                                  ;I;3;2;12/1995;1.117.464;11.178;12.017;230.504;200.632;7;454.339;1.667;0;34.348;2.324;492.249;0;132.537;278.298;27.253;
13;FIAT                                                  ;I;4;2;12/1995;1.100.474;0;0;41.961;302.899;0;344.860;96.236;0;0;0;593.534;0;65.845;162.570;13.127;
14;ICATU                                                 ;I;3;2;12/1995;1.479.963;752;0;0;100.082;0;100.834;670.628;0;0;164;135.289;0;573.048;191.578;18.967;
15;BRDE                                                  ;I;2;         ;12/1995;544.839;0;0;0;0;0;0;0;0;0;0;515.492;0;29.346;464.959;8.273;
16;INTER-ATLANTICO                                       ;I;5;2;12/1995;916.169;0;0;145.429;287.065;0;432.494;110.529;0;2.087;47.664;292.993;0;30.402;93.884;9.029;
17;GENERAL MOTORS                                        ;I;4;2;12/1995;737.119;0;0;91.152;10.119;0;101.271;0;0;0;4.592;603.266;0;27.990;106.225;-4.744;
18;BDMG                                                  ;I;2;         ;12/1995;619.772;0;0;114.720;68.118;0;182.838;0;0;9.955;0;373.630;0;53.349;161.526;-15.402;
19;AUTOLATINA                                            ;I;4;2;12/1995;620.103;0;0;243.959;0;0;243.959;0;0;0;0;238.536;0;137.607;121.635;-7.455;
20;TOKYO                                                 ;I;4;2;12/1995;485.998;2.989;0;9.214;59.503;0;71.707;10.548;0;7.519;18.925;313.627;0;63.673;69.137;499;
21;MATRIX                                                ;C;3;         ;12/1995;404.616;10;0;4.851;178.076;0;182.937;0;0;0;36;102.297;0;119.347;97.663;24.790;
22;MULTI                                                 ;I;4;2;12/1995;453.201;43;0;16.937;30.873;0;47.853;0;0;0;0;263.063;0;142.284;40.371;4.698;
23;DESENBANCO                                            ;I;2;         ;12/1995;379.313;609;0;3.586;11.424;0;15.618;0;0;0;0;265.524;0;98.171;67.766;-14.125;
24;BADESC                                                ;I;2;         ;12/1995;249.725;414;0;0;0;0;414;0;0;0;0;246.753;0;2.558;80.831;-12.062;
25;PROGRESSO                                             ;C;3;         ;12/1995;245.785;2.520;29.330;37.711;106.309;0;175.871;12.834;0;1;14;23.857;0;33.209;64.311;-8.932;
26;BOREAL                                                ;I;3;2;12/1995;294.119;27;0;3.465;10.104;0;13.596;279.454;0;0;0;0;0;1.068;39.420;2.276;
27;BCO MERCANTIL PERNAMBUCO INVS                                           ;I;3;2;12/1995;391.057;3.566;10.594;33.251;140.784;0;188.195;0;0;0;92;161.549;0;41.221;-109.772;-85.198;
28;BRASEG                                                ;I;5;         ;12/1995;251.189;16;0;5.007;98.350;0;103.373;1.121;0;0;0;121.852;0;24.843;29.338;1.737;
29;CREFISUL                                              ;I;5;2;12/1995;150.593;0;0;82.988;31.419;0;114.407;0;0;0;0;11.375;0;24.811;105.866;7.156;
30;FENICIA                                               ;I;3;2;12/1995;170.389;38;0;16.228;66.135;0;82.401;42.017;0;0;130;26.031;0;19.810;61.329;5.814;
31;BANQUEIROZ                                            ;I;3;2;12/1995;199.086;3.251;6.461;20.341;99.934;2;129.990;1.305;0;0;1.050;62.030;0;4.710;20.892;-7.471;
32;LIBERAL;C;3;         ;12/1995;185.341;39;0;0;9.675;0;9.714;114.110;0;0;52;3.420;0;58.045;21.725;6.542;
33;BANDES                                                ;I;2;2;12/1995;159.651;4.298;0;0;22.360;0;26.658;0;0;0;0;100.805;0;32.188;40.874;-3.567;
34;CINDAM                                                ;I;3;2;12/1995;154.919;107;0;371;52.669;15;53.162;55.406;0;0;0;12.530;0;33.821;40.512;2.071;
35;BRJ                                                   ;I;3;         ;12/1995;167.451;0;0;0;1.723;0;1.723;8.849;0;0;0;150.715;0;6.164;15.370;65;
36;GRAPHUS                                               ;C;3;         ;12/1995;145.015;9.152;0;0;3.427;0;12.579;14.234;0;0;101.916;4.204;0;12.081;32.664;2.585;
37;PATENTE                                               ;C;3;         ;12/1995;710.973;250;0;8.811;22.651;0;31.712;644.594;0;12;797;1.955;0;31.903;33.562;469;
38;RENDIMENTO                                            ;C;3;         ;12/1995;136.201;1.257;0;0;91.544;0;92.802;3.960;0;0;0;29.597;0;9.842;39.798;4.113;
39;TRANSBANCO                                            ;I;3;2;12/1995;128.130;3.179;0;282;5.072;0;8.533;0;0;0;0;81.844;0;37.754;32.050;-2.728;
40;BERON                                                 ;I;2;         ;12/1995;215.790;52.056;0;105.538;14.359;0;171.952;0;0;509;3.575;8.018;0;31.736;-56.377;-19.284;
41;BCO FINASA INV                                               ;I;3;2;12/1995;28.051;0;0;5.334;344;0;5.678;0;0;0;0;3.753;0;18.620;123.822;1.011;
42;INDUSVAL                                              ;I;3;2;12/1995;124.850;1.200;0;5.309;39.435;456;46.400;31.316;0;0;38;10.748;0;36.348;21.302;1.449;
43;GULFINVEST                                            ;I;5;2;12/1995;65.993;5;0;5.618;42.631;0;48.254;0;0;0;0;2.977;0;14.762;78.864;5.481;
44;ARBI                                                  ;I;3;2;12/1995;94.974;853;0;14.754;25.551;0;41.158;15.324;0;0;27.475;4.687;0;6.330;43.524;-13.366;
45;MARKA                                                 ;I;3;         ;12/1995;83.305;8;0;5.153;48.092;0;53.253;17.956;0;0;3.280;93;0;8.723;37.976;5.957;
46;EUROINVEST                                            ;I;5;2;12/1995;97.568;28;0;41.889;11.824;0;53.741;14.273;0;0;0;28.718;0;836;34.396;1.136;
47;MARTINELLI                                            ;I;3;2;12/1995;94.397;2.016;0;9.918;56.364;2;68.300;1.700;0;0;575;16.115;0;7.706;18.502;-2.155;
48;BCO INV BMC                                                   ;I;3;2;12/1995;66.611;0;0;0;55.653;0;55.653;0;0;0;0;0;0;10.957;32.149;1.889;
49;BATTISTELLA                                           ;I;3;         ;12/1995;61.224;0;0;0;0;0;0;0;2.815;8.994;968;44.828;0;3.619;35.145;-4.314;
50;BANACRE                                               ;I;2;         ;12/1995;86.406;28.649;5.295;0;16.643;0;50.586;19.470;0;0;140;3;0;16.206;3.232;-9.169;
51;BCO BANDEIRANTES INVS                                         ;I;3;2;12/1995;58.228;0;0;27.017;14.119;0;41.135;0;0;0;0;13.563;0;3.530;30.567;1.392;
52;FONTE                                                 ;C;3;         ;12/1995;42.188;31;0;786;7.695;2.283;10.795;5.311;0;0;744;5.140;0;20.198;39.957;450;
53;OURINVEST                                             ;C;3;         ;12/1995;62.633;0;0;0;49.579;0;49.579;0;0;0;0;11.336;0;1.719;18.101;-2.230;
54;HNF                                                   ;I;3;2;12/1995;74.219;454;0;926;52.503;0;53.882;632;0;0;50;0;0;19.655;154;-655;
55;FITAL                                                 ;I;3;         ;12/1995;62.346;0;0;0;62.258;0;62.258;0;0;0;0;0;0;89;10.810;-854;
56;PORTO REAL                                            ;I;3;         ;12/1995;46.332;5.619;5.464;150;25.043;0;36.276;0;0;0;7.275;0;0;2.781;23.730;393;
57;DESTAK                                                ;I;3;         ;12/1995;59.416;0;0;491;4.970;0;5.461;53.072;0;0;0;0;0;882;10.067;635;
58;PATRIMONIO                                            ;I;3;         ;12/1995;54.105;0;0;0;29.134;0;29.134;9.394;0;0;0;0;0;15.576;13.658;5.251;
59;DIMENSAO                                              ;I;3;2;12/1995;34.990;518;0;687;1.015;62;2.282;21.802;0;1;91;1.615;0;9.199;30.733;1.854;
60;EQUATORIAL                                            ;I;3;         ;12/1995;48.409;527;0;1.002;42.829;0;44.358;2.869;0;0;0;0;0;1.182;16.725;555;
61;TENDENCIA                                             ;I;3;2;12/1995;35.652;0;0;3.471;13.775;0;17.246;15.790;0;1;0;0;0;2.615;43.701;6.567;
62;BCR                                                   ;I;3;2;12/1995;44.702;853;0;3.218;35.447;0;39.519;1.336;0;0;0;404;0;3.443;13.218;-396;
63;IOCHPE                                                ;I;3;         ;12/1995;36.844;0;0;4.683;14.335;0;19.018;4.553;0;0;377;6.577;0;6.320;24.016;674;
64;STOCK                                                 ;I;3;2;12/1995;1.250.742;309;0;821;4.407;0;5.537;1.245.063;0;22;0;0;0;120;16.707;1.404;
65;PAULISTA                                              ;I;3;2;12/1995;37.112;2.402;0;785;16.144;0;19.331;4.613;0;1;1.015;7.824;0;4.328;16.333;1.755;
66;BCO MERCANTIL INVS                                            ;I;3;2;12/1995;23.398;2;0;15.040;0;0;15.042;0;0;1.063;0;170;0;7.123;24.396;1.270;
67;UNITED                                                ;I;3;2;12/1995;30.379;1;0;7.931;15.645;0;23.578;1.456;0;0;0;2.153;0;3.191;32.697;6.086;
68;VETOR                                                 ;C;3;         ;12/1995;41.144;0;0;0;500;0;500;14.880;0;0;0;4.166;0;21.599;19.760;-2.881;
69;METROPOLITANO                                         ;I;5;         ;12/1995;28.242;2.574;0;0;13.723;0;16.297;6.741;0;0;0;2.853;0;2.352;14.127;3.186;
70;HEXABANCO                                             ;I;3;         ;12/1995;24.245;317;0;0;23.010;0;23.327;0;0;0;0;0;0;918;14.549;1.488;
71;INVESTOR                                              ;C;3;         ;12/1995;28.840;0;0;889;9.093;0;9.982;1.564;0;0;0;2.923;0;14.372;8.791;-2.408;
72;INTERFINANCE                                          ;I;3;2;12/1995;42.033;0;0;200;25.241;0;25.442;14.838;0;0;0;0;0;1.754;9.108;513;
73;BCO INV PLANIBANC                                             ;I;5;2;12/1995;14.076;0;0;12.429;0;0;12.429;0;0;0;0;233;0;1.415;22.061;723;
74;MIL                                                   ;I;3;2;12/1995;23.242;4.893;0;2.707;12.531;0;20.131;312;0;0;1;8;0;2.791;12.615;-458;
75;BFI                                                   ;I;5;2;12/1995;15.415;36;0;1.001;3.808;0;4.846;0;0;0;0;10.359;0;210;19.243;955;
76;NACOES                                                ;I;3;         ;12/1995;23.765;195;0;0;16.394;0;16.589;1.580;0;0;0;4.019;0;1.577;10.953;259;
77;EXPRINTER LOSAN                                       ;I;5;2;12/1995;17.523;0;0;0;6.935;0;6.935;0;0;0;0;0;0;10.588;15.761;203;
78;D'EL REY                                              ;I;3;2;12/1995;16.697;0;0;0;14.563;0;14.563;0;0;0;0;0;0;2.134;16.546;2.099;
79;PRIME                                                 ;C;3;         ;12/1995;23.704;0;0;4.075;1.065;0;5.140;1.248;0;0;0;13;0;17.303;9.635;-2.822;
80;APLICAP                                               ;C;3;         ;12/1995;8.254.870;0;0;7;0;0;7;8.253.118;0;0;0;0;0;1.745;9.656;317;
81;TRICURY                                               ;I;3;         ;12/1995;17.248;0;0;4.507;12.407;0;16.914;0;0;0;0;0;0;334;10.994;-1.053;
82;AUGUSTA 251                                           ;I;3;2;12/1995;847;255;0;0;440;0;696;0;0;0;0;0;0;151;23.956;2.173;
83;MAXI-DIVISA                                           ;I;3;         ;12/1995;11.025;0;0;233;2.026;0;2.259;7.375;0;0;0;0;0;1.391;12.722;-420;
84;MISASI                                                ;C;3;         ;12/1995;12.740;0;0;0;6.417;0;6.417;0;0;0;0;0;0;6.323;9.850;-598;
85;BCO BFB BI                                                  ;I;4;2;12/1995;10.505;0;0;0;0;0;0;0;0;0;0;1.226;0;9.279;9.679;1.209;
86;STERLING                                              ;I;5;         ;12/1995;23.322;0;0;0;0;0;0;0;0;0;0;16.061;0;7.261;-3.421;-3.687;
87;EMBLEMA                                               ;I;3;2;12/1995;1.917;38;0;0;1.378;0;1.416;0;0;0;0;0;0;501;17.884;187;
88;MALCON                                                ;I;3;2;12/1995;5.942;19;0;0;0;0;19;0;3.535;28;0;0;0;2.360;12.002;1.464;
89;VARIG                                                 ;I;3;2;12/1995;8.739;0;0;0;3.140;0;3.140;0;0;0;0;0;0;5.599;8.955;-2.340;
90;INTERPART                                             ;I;3;         ;12/1995;6.849;407;0;2.496;2.212;0;5.114;384;0;3;0;0;0;1.348;10.834;-59;
91;FICRISA AXELRUD                                       ;I;3;2;12/1995;8.145;442;0;0;2.897;0;3.339;0;372;0;0;129;0;4.305;9.246;-1.506;
92;FINANSINOS                                            ;I;3;2;12/1995;7.573;50;0;0;4.620;0;4.670;0;0;0;0;0;0;2.902;8.688;508;
93;OPERADOR                                              ;I;3;2;12/1995;1.602;0;0;0;340;0;340;0;0;0;0;0;0;1.261;14.617;-2.601;
94;POTTENCIAL                                            ;I;3;         ;12/1995;6.499;9;0;0;4.018;0;4.027;1.510;0;0;0;0;0;962;7.816;337;
95;TECNICORP                                             ;I;3;2;12/1995;4.721;99;0;353;3.140;0;3.592;101;0;2;0;0;0;1.027;8.181;876;
96;MAXINVEST                                             ;I;3;         ;12/1995;3.543;112;0;0;2.816;0;2.928;0;0;0;0;0;0;615;8.872;-975;
97;AMERICAN EXPRES                                       ;I;4;2;12/1995;816;0;0;0;0;0;0;0;0;0;0;0;0;816;10.130;634;
98;OK                                                    ;I;3;2;12/1995;4.478;0;0;0;0;0;0;0;0;0;0;0;0;4.478;5.458;-262;
99;PERFORMANCE                                           ;I;3;         ;12/1995;666;0;0;0;73;0;73;0;0;0;0;0;0;592;7.728;91;
100;PORTO SEGURO                                          ;I;3;         ;12/1995;553;1;0;0;0;0;1;0;0;0;0;0;0;552;5.759;-484;
101;DRACMA                                                ;I;3;         ;12/1995;7.511;325;0;4.088;2.465;0;6.877;0;0;0;363;0;0;271;-1.309;-7.858;
102;BANCRED                                               ;I;3;2;12/1995;1.678;200;0;0;569;0;770;0;0;0;0;0;0;908;3.043;-1.993;
103;CRITERIUM                                             ;I;3;         ;12/1995;299.002;0;0;0;0;0;0;298.811;0;0;0;0;0;191;3.262;0;
104;TOTAL                                                 ;I;3;2;12/1995;432;0;0;288;0;0;288;0;0;0;0;0;0;144;2.470;-1.269;
Total 5 Maiores Bancos (Consolidado Bancario II)            ;;;;;;56.161.559;425.045;616.721;1.643.372;2.696.580;303;5.382.021;2.419.637;705.112;128.970;256.697;28.800.337;0;18.468.787;5.610.781;-654.159;
% de Participacao 5 maiores Bancos (Consolidado Bancario II);;;;;;10,0%;2,0%;1,0%;5,0%;2,0%;0,0%;2,0%;3,0%;6,0%;13,0%;10,0%;24,0%;0,0%;20,0%;11,0%;69,0%;
Total demais Bancos (Consolidado Bancario II)               ;;;;;;36.350.912;524.208;392.740;2.615.749;7.012.958;3.089;10.548.749;13.473.164;179.821;129.436;338.388;7.675.620;0;4.005.738;4.970.392;128.122;
Total Consolidado Bancario II ( 104  Instituicoes )         ;;;;;;92.512.471;949.253;1.009.461;4.259.121;9.709.538;3.392;15.930.770;15.892.801;884.933;258.406;595.085;36.475.957;0;22.474.525;10.581.173;-526.037;
% de Participacao Consolidado Bancario II                   ;;;;;;17,0%;5,0%;2,0%;14,0%;8,0%;0,0%;6,0%;21,0%;8,0%;26,0%;24,0%;31,0%;0,0%;24,0%;21,0%;56,0%;
Total Consolidado Bancario III ( 908  Instituicoes )        ;;;;;;777.841;163.523;0;0;229.807;17.571;410.907;0;0;17.453;361;275.580;0;73.554;397.078;13.086;
% de Participacao Consolidado Bancario III                  ;;;;;;0,0%;1,0%;0,0%;0,0%;0,0%;0,0%;0,0%;0,0%;0,0%;2,0%;0,0%;0,0%;0,0%;0,0%;1,0%;-1,0%;
Total Consolidado Nao Bancario ( 610  Instituicoes )        ;;;;;;26.591.654;137.157;1.061.254;2.271.794;238.293;19.954;3.728.453;12.966.644;1.392.957;2.552;51;4.051.349;0;4.449.642;4.592.926;271.884;
% de Participacao Consolidado Nao Bancario                  ;;;;;;5,0%;1,0%;2,0%;7,0%;0,0%;0,0%;2,0%;17,0%;12,0%;0,0%;0,0%;3,0%;0,0%;5,0%;9,0%;-28,0%;
Total do Sistema Financeiro Nacional                        ;;;;;;548.375.745;19.783.873;63.655.328;30.334.376;124.212.059;8.351.567;246.337.219;75.232.774;11.779.630;999.927;2.465.129;118.097.538;0;93.463.532;50.003.387;-939.737;
Fonte: Sisbacen
TD (Tipo de Documento): C - Conglomerado, I - Instituição Independente
TC (Tipo de Controle): 1 - Público Federal, 2 - Público Estadual, 3 - Privado Nacional, 4 - Privado Controle Estrangeiro, 5 - Privado Participação Estrangeira
Obs.: 1 - Excepcionalidades ao cumprimento de limites - Vide Relatório
      2 - Instituições líderes do conglomerado bancário não optante pela consolidação mensal de balancetes.
