50 Maiores Bancos e o Consolidado do Sistema Financeiro Nacional
RESULTADO DA INTERMEDIACAO FINANCEIRA
Data-base: Junho/1998;;;;;;;;;;;;;;Balancetes processados até: 22/12/2005

;;;;;;;;;;;;;;;Em R$ Mil
RESULTADO DA INTERMEDIACAO FINANCEIRA
Ranking;Instituições;TD;TC;Obs.;Data;Receitas de Intermediação Financeira;;;;;Despesas de Intermediação Financeira;;;;;Resultado
;;;;;Balancete;Operações de Créd.;Operações com Tít.;Operações com Instrum.;Operações de;Aplicações;Captações;Empréstimos;Arrendam.;Operações;Provisão;Bruto
;;;;;;e Arrend. Mercantil;Val. Mobiliários;Financ. Derivativos;Câmbio;Compulsórias;no Mercado;e Repasses;Mercantil;de Câmbio;para CL
1;BB                                                    ;C;1;         ;06/1998;6.270.187;4.553.346;-402.122;160.879;567.383;-4.477.264;-1.978.093;-111.322;0;-2.716.990;1.866.004;
2;CEF                                                   ;I;1;         ;06/1998;5.728.205;1.427.880;11.818;1;1.195.323;-4.461.389;-2.302.618;0;0;-171.171;1.428.049;
3;BRADESCO                                              ;C;3;         ;06/1998;3.814.375;1.431.509;14.999;294.967;262.769;-2.381.323;-658.768;-351.690;0;-729.723;1.697.115;
4;ITAU                                                  ;C;3;         ;06/1998;2.055.152;1.566.791;-42.254;74.784;170.700;-1.595.019;-361.119;-208.419;0;-412.030;1.248.586;
5;UNIBANCO                                              ;C;5;         ;06/1998;2.016.855;1.010.735;-118.913;209.846;138.759;-1.236.218;-511.699;-264.137;0;-301.069;944.159;
6;BANESPA                                               ;C;1;         ;06/1998;677.954;2.684.685;1.167;47.694;117.123;-2.821.865;-63.145;-30.004;0;-384;613.225;
7;REAL;C;3;         ;06/1998;1.271.503;585.664;-16.157;188.988;103.775;-887.021;-233.125;-143.164;0;-291.324;579.139;
8;SAFRA                                                 ;C;3;         ;06/1998;704.738;929.262;-98.629;34.792;57.681;-948.810;-171.476;-186.163;0;-34.498;286.897;
9;BANRISUL                                              ;C;2;         ;06/1998;398.017;1.139.595;-9.725;12.130;52.909;-353.045;-984.030;-12.038;0;-489.949;-246.136;
10;NOSSA CAIXA                                           ;I;2;         ;06/1998;278.203;1.043.843;15.392;876;92.410;-918.845;-16.259;0;0;-26.697;468.923;
11;HSBC                                                  ;C;4;         ;06/1998;444.858;724.879;-15.029;30.072;83.315;-744.459;-50.773;-37.396;0;-36.804;398.663;
12;CITIBANK                                              ;C;4;         ;06/1998;453.091;249.113;-106.491;5.117;39.648;-217.473;-80.495;-50.392;0;-25.403;266.715;
13;SANTANDER BRASIL                                   ;C;4;         ;06/1998;681.470;384.598;22;33.047;76.351;-568.589;-152.089;-86.713;0;-117.473;250.624;
14;BANKBOSTON                                            ;C;4;         ;06/1998;372.985;531.244;-15.861;67.950;15.251;-252.188;-279.754;-74.659;0;-20.618;344.350;
15;MERIDIONAL                                            ;C;5;         ;06/1998;294.078;300.030;-103.647;8.191;43.987;-337.585;-67.568;-50.521;0;1.311;88.276;
16;BBA-CREDITANSTALT                                     ;C;5;         ;06/1998;293.088;388.092;-114.399;0;42.136;-391.371;-133.866;-9.522;-650;-25.241;48.267;
17;BOAVISTA                                              ;C;5;         ;06/1998;340.035;212.661;1.711;18.356;34.401;-323.045;-83.033;-28.856;0;-23.327;148.903;
18;MERCANTIL FINASA                                          ;C;3;         ;06/1998;472.133;141.535;42.383;46.144;80.090;-379.675;-44.308;-130.120;0;-19.798;208.384;
19;SUDAMERIS                                             ;C;4;         ;06/1998;603.456;203.726;1.659;28.504;36.807;-363.706;-94.149;-117.790;0;17.140;315.647;
20;ABN AMRO                                              ;C;4;         ;06/1998;663.416;194.749;-32.073;29.430;17.988;-270.452;-36.280;-184.219;0;-75.379;307.180;
21;BNB                                                   ;I;1;         ;06/1998;373.885;85.891;848;13.729;32.106;-154.018;-190.037;0;0;-118.893;43.511;
22;BANESTADO                                             ;C;2;         ;06/1998;612.022;69.281;-12.065;19.621;69.344;-515.706;-99.364;-85.602;0;-746.207;-688.676;
23;BANDEIRANTES                                          ;C;4;         ;06/1998;492.079;91.239;-46.275;30.991;39.122;-289.552;-36.165;-88.112;0;-40.313;153.014;
24;VOTORANTIM                                            ;C;3;         ;06/1998;50.361;359.198;24.223;2.901;30.529;-400.562;-4.710;-8.458;0;-4.311;49.171;
25;BBM                                                   ;C;3;         ;06/1998;51.889;236.728;58.128;0;6.809;-188.125;-65.000;-529;-892;-4.260;94.748;
26;LLOYDS                                                ;C;4;         ;06/1998;345.602;332.401;2.843;0;22.953;-356.824;-74.455;-14.639;-10.689;-152.963;94.229;
27;JP MORGAN                                             ;C;4;         ;06/1998;8.655;280.820;79.258;2.153;12.092;-87.610;-113.502;0;0;0;181.866;
28;EXCEL;C;4;         ;06/1998;508.656;196.548;-66.248;22.420;49.637;-434.891;-56.956;-52.835;0;-533.003;-366.672;
29;AMERICA DO SUL                                        ;C;5;         ;06/1998;392.232;71.512;-1.619;25.456;38.872;-240.285;-70.354;-75.870;0;-82.857;57.087;
30;CHASE;C;4;         ;06/1998;16.914;353.717;-190.846;2.843;3.552;-48.220;-33.175;-474;0;-1.125;103.186;
31;DEUTSCHE                                              ;C;4;         ;06/1998;59.399;231.954;-76.040;8.810;0;-120.735;-67.356;0;0;0;36.032;
32;CSFB GARANTIA;C;4;         ;06/1998;9.515;177.366;45.220;0;0;-123.109;-1.217;0;-18.907;0;88.868;
33;ING BANK                                              ;I;4;2;06/1998;12.033;188.177;-17.725;5.760;0;-120.612;-18.407;0;0;1.180;50.406;
34;BEMGE                                                 ;C;2;         ;06/1998;191.073;84.389;-1.782;4.045;24.202;-197.712;-5.131;0;0;-4.496;94.588;
35;PACTUAL                                               ;C;3;         ;06/1998;6.816;309.998;-29.951;7.891;15.125;-230.595;-3.185;0;0;-3.558;72.541;
36;BESC                                                  ;I;2;2;06/1998;202.961;87.031;-4.469;3.507;15.350;-152.281;-33.372;0;0;-48.502;70.225;
37;FIBRA                                                 ;C;3;         ;06/1998;215.626;85.490;18.347;711;9.274;-105.245;-39.963;-78.290;0;-41.918;64.032;
38;PONTUAL                                               ;C;3;         ;06/1998;262.347;34.877;-6.751;3.093;6.479;-137.641;-22.218;-57.727;0;-25.623;56.836;
39;BARCLAYS GALICIA                                             ;C;5;         ;06/1998;65.876;69.558;7.560;3.994;26.956;-57.119;-52.558;0;0;5.449;69.716;
40;BMC                                                   ;C;3;         ;06/1998;134.070;52.224;9.802;8.802;13.840;-94.541;-49.139;-9.264;0;-36.264;29.530;
41;BANEB                                                 ;I;2;2;06/1998;188.584;69.349;1.799;0;29.473;-190.510;-10.415;0;-220;-115.169;-27.109;
42;BIC                                                   ;C;3;         ;06/1998;201.072;56.356;-18.109;3.206;24.209;-133.665;-27.794;-17.894;0;-43.715;43.666;
43;DRESDNER                                              ;C;4;         ;06/1998;59.643;73.072;113;29.127;487;-19.131;-103.665;0;0;-18;39.628;
44;RURAL                                                 ;C;3;         ;06/1998;243.167;92.067;-6.648;13.601;14.962;-136.825;-6.686;-9.556;0;-57.000;147.082;
45;CREDIBANCO                                            ;C;5;         ;06/1998;61.606;64.012;12.427;6.643;4.629;-84.810;-38.895;0;0;-9.741;15.871;
46;BMB                                                   ;I;3;2;06/1998;144.560;49.091;-3.751;882;17.762;-119.419;-7.076;0;0;-88.121;-6.072;
47;BMG                                                   ;C;3;         ;06/1998;272.187;65.025;-15.122;0;10.025;-103.902;-36.536;-120.579;-621;-30.850;39.627;
48;BEAL                                                  ;I;4;2;06/1998;14.100;127.859;-4.331;17.967;6.508;-116.937;-25.768;0;0;0;19.398;
49;TOKYOMITSUBISHI                                       ;I;4;2;06/1998;26.968;53.004;-472;37.481;0;-25.586;-55.572;0;0;-3;35.820;
50;BASA                                                  ;I;1;         ;06/1998;24.787;80.866;12;4.804;625;-53.333;-45.806;0;0;-11.022;933;
51;BRB                                                   ;I;2;2;06/1998;119.381;49.130;202;1.480;7.804;-71.215;-18.614;-3.514;0;-12.489;72.165;
52;BEG                                                   ;I;2;2;06/1998;105.395;77.689;-163;788;10.355;-102.107;-422;0;0;-50.093;41.442;
53;SOGERAL;C;5;         ;06/1998;66.276;62.674;3.445;17.690;2.688;-35.122;-70.380;-25.479;0;-2.811;18.981;
54;AGF BRASEG;C;5;         ;06/1998;31.155;59.667;3.109;698;5.302;-65.357;-10.666;-1.212;0;-2.510;20.186;
55;INTER AMEX                                                  ;C;5;         ;06/1998;19.504;50.811;510;7.173;4.603;-37.947;-19.173;-193;0;-595;24.693;
56;ABC-BRASIL                                            ;C;4;         ;06/1998;45.908;48.571;-3.055;9.273;5.745;-59.226;-27.694;0;0;-179;19.343;
57;BNL                                                   ;I;4;2;06/1998;45.025;67.664;5.037;8.017;0;-51.613;-36.955;0;0;-4.907;32.268;
58;BANESTES                                              ;I;2;2;06/1998;82.688;17.051;-98;600;7.285;-73.444;-3.732;0;0;18.781;49.131;
59;BEC                                                   ;C;2;         ;06/1998;100.821;24.515;-426;2.025;17.614;-67.623;-18.569;0;0;-53.712;4.645;
60;CREFISUL                                              ;C;3;         ;06/1998;80.960;17.088;-9.293;1.294;7.227;-57.596;-3.549;-1.962;0;-21.644;12.525;
61;RAIBOBANK                                             ;I;4;         ;06/1998;2.508;47.825;-27.026;4.956;3.940;-13.730;-14.002;0;0;0;4.471;
62;FININVEST                                             ;I;5;2;06/1998;298.174;7.092;-8.029;5;10.970;-68.736;0;0;0;-943;238.533;
63;SUMITBANK                                             ;I;4;         ;06/1998;37.406;34.830;917;12.884;0;-10.788;-46.093;0;0;0;29.156;
64;SUL AMERICA                                           ;C;5;         ;06/1998;3.743;79.804;1.046;0;4.133;-69.659;-7.879;0;-890;359;10.657;
65;SANTOS                                                ;I;3;2;06/1998;63.066;49.371;-8.760;0;5.046;-83.916;-4.596;0;-1.573;-1.188;17.450;
66;BANDEPE                                               ;I;2;2;06/1998;42.336;11.572;-398;202;8.653;-62.902;-7.007;0;0;-15.810;-23.354;
67;BNP                                                   ;I;4;         ;06/1998;2.363;30.901;1.369;6.159;1.400;-13.419;-19.563;0;0;0;9.210;
68;PEBB                                                  ;C;3;         ;06/1998;611;75.319;-6.458;0;0;-68.181;0;0;0;299;1.590;
69;BEA                                                   ;I;2;         ;06/1998;47.685;8.229;0;110;2.040;-18.192;-3.440;0;0;-9.599;26.833;
70;PANAMERICANO                                          ;I;3;2;06/1998;139.757;13.272;-352;0;7.228;-62.833;-1.889;0;-1.401;-34.952;58.830;
71;CREDITO SP                                            ;I;3;2;06/1998;56.505;26.571;-1.509;0;2.573;-35.682;-4.397;0;-763;-12.599;30.699;
72;INDUSTRIAL                                            ;I;3;2;06/1998;18.696;22.012;5.377;617;0;-28.166;-4.237;0;0;-1.171;13.128;
73;BANESE                                                ;I;2;         ;06/1998;29.836;39.214;-160;0;2.678;-43.576;-1.165;0;0;-1.413;25.414;
74;OMEGA;C;3;         ;06/1998;1.012;44.340;1.622;0;0;-43.235;-1.098;0;-417;-4.160;-1.936;
75;BRASCAN                                               ;C;4;         ;06/1998;4.897;29.312;2.656;2.396;2.380;-28.400;-3.638;0;0;0;9.603;
76;SOFISA                                                ;C;3;         ;06/1998;48.435;15.913;1.431;17;2.880;-26.261;-2.744;-10.485;0;-5.044;24.142;
77;CACIQUE                                               ;C;3;         ;06/1998;83.878;40.727;-5.865;0;701;-31.123;-638;0;-762;-39.854;47.064;
78;BVA                                                   ;I;3;         ;06/1998;19.236;11.995;94;0;0;-16.486;-6.317;0;0;-1.477;7.045;
79;BANPARA                                               ;I;2;         ;06/1998;25.347;12.237;-9;233;796;-21.669;-4.630;0;0;-4.130;8.175;
80;BEM                                                   ;I;2;2;06/1998;25.474;8.762;0;3;933;-22.496;-1.156;0;0;2.173;13.693;
81;PINE                                                  ;C;3;         ;06/1998;20.985;9.986;13.201;1.397;1.568;-10.626;-3.499;0;0;-1.212;31.800;
82;FATOR                                                 ;C;3;         ;06/1998;2;11.623;1.091;0;0;-7.064;-1;0;0;60;5.711;
83;SCHAHIN                                               ;C;3;         ;06/1998;25.589;4.076;-518;598;0;-13.577;-7.030;-119;0;-4.785;4.234;
84;PROSPER                                               ;C;3;         ;06/1998;5.414;12.226;-6.994;424;0;-7.272;-2.364;0;0;-697;737;
85;LA PROVINCIA                                          ;I;4;         ;06/1998;1.712;4.153;-34;10.855;0;-406;-10.958;0;0;59;5.381;
86;TRIANGULO                                             ;I;3;         ;06/1998;18.064;4.252;96;0;2.069;-12.334;0;0;0;-844;11.303;
87;GUANABARA                                             ;I;3;         ;06/1998;27.267;1.774;963;0;394;-7.466;-4.484;-10.870;0;-4;7.574;
88;CRUZEIRO                                              ;I;3;2;06/1998;10.438;5.873;-712;0;47;-9.188;-1.058;0;0;-134;5.266;
89;DAYCOVAL                                              ;I;3;2;06/1998;15.990;7.358;-83;100;806;-8.519;-1.176;0;0;-951;13.525;
90;INTERCAP                                              ;I;3;2;06/1998;12.983;7.720;242;0;1.552;-12.596;0;0;0;-1.942;7.959;
91;LAVRA                                                 ;I;3;2;06/1998;10.269;1.180;-98;1.943;0;-7.259;-2.846;0;0;1.054;4.243;
92;BANCOOB                                               ;I;3;         ;06/1998;4;12.193;66;0;124;-10.340;0;0;0;0;2.047;
93;VR                                                    ;C;3;         ;06/1998;7.481;5.073;49;311;109;-3.727;-371;0;0;-345;8.580;
94;CREDIBEL                                              ;I;3;2;06/1998;9.727;4.403;838;35;700;-8.247;-442;0;0;-94;6.920;
95;BEPI                                                  ;I;2;         ;06/1998;10.559;2.400;0;0;106;-2.764;-1.012;0;0;-912;8.377;
96;GERDAU                                                ;I;3;2;06/1998;7.703;482;-190;0;5;-3.575;0;0;0;-90;4.335;
97;THECA                                                 ;C;3;         ;06/1998;0;515;-3;0;0;-5;0;0;0;4;511;
98;CLASSICO                                              ;I;3;         ;06/1998;0;11.399;0;0;0;-122;0;0;0;0;11.277;
99;FICSA                                                 ;I;3;2;06/1998;39.648;3.147;-490;0;212;-5.996;0;0;0;-14.769;21.752;
100;PARAIBAN                                              ;I;2;         ;06/1998;5.472;10.588;0;0;-113;-2.316;-29;0;0;-309;13.293;
101;ARAUCARIA                                             ;I;3;2;06/1998;7.283;1.900;280;2.688;20;-5.583;-437;0;0;311;6.462;
102;BANCNACION                                            ;I;4;         ;06/1998;2.475;1.169;0;858;0;-808;0;0;0;23.239;26.933;
103;INVESTCRED                                            ;I;3;2;06/1998;229;7.920;0;0;0;-1.542;0;0;0;1;6.608;
104;WACHOVIA                                              ;I;4;         ;06/1998;796;3.445;-44;1.359;0;-314;-1.952;0;0;-1.438;1.852;
105;MODAL                                                 ;I;3;2;06/1998;731;11.037;349;0;0;-7.944;0;0;0;0;4.173;
106;INTERIOR                                              ;I;3;         ;06/1998;9.896;1.504;-20;0;3;-3.906;-92;0;0;-1.717;5.668;
107;AGROINVEST                                            ;I;5;2;06/1998;3.991;1.705;128;0;0;-2.147;-1.399;0;0;-1.098;1.180;
108;PARANA                                                ;I;3;2;06/1998;9.650;733;-193;0;262;-5.575;0;0;0;-667;4.210;
109;PECUNIA                                               ;I;3;2;06/1998;16.547;1.179;-15;0;17;-4.240;0;0;0;-6.035;7.453;
110;RENNER                                                ;I;3;         ;06/1998;12.823;953;0;0;7;-4.417;0;0;0;-1.634;7.732;
111;MORADA                                                ;I;3;2;06/1998;11.858;1.079;338;0;310;-3.029;-1.053;0;0;-3.334;6.169;
112;UNION                                                 ;I;4;         ;06/1998;895;1.456;-7;261;0;-1.479;-231;0;0;-1.978;-1.083;
113;SANTOS NEVES                                          ;I;3;2;06/1998;5.351;1.130;0;2;0;-2.363;-644;0;0;-299;3.177;
114;BANSICREDI                                            ;I;3;         ;06/1998;1.148;15.882;0;0;0;-15.205;0;0;0;-339;1.486;
115;BCOMURUGUAI                                           ;I;4;         ;06/1998;5.151;887;-269;405;0;-817;-1.060;0;0;-553;3.744;
116;LUSO BRASILEIRO                                       ;I;3;         ;06/1998;6.686;1.214;-68;0;0;-3.265;-426;0;0;-781;3.360;
117;CEDULA                                                ;I;3;         ;06/1998;6.382;1.651;20;0;0;-4.522;0;0;0;-179;3.352;
118;BGN                                                   ;I;3;2;06/1998;4.320;1.723;391;0;0;-3.065;-28;0;0;-415;2.926;
119;RIBEIRAO PRETO                                        ;I;3;         ;06/1998;5.344;428;-149;0;0;-1.785;-435;0;0;-468;2.935;
120;EXTERIBANK                                            ;I;4;         ;06/1998;709;2.975;0;128;0;-422;0;0;0;-48;3.342;
121;MATONE                                                ;I;3;2;06/1998;7.401;1.449;0;0;3;-3.138;0;0;0;-1.809;3.906;
122;PRIMUS;C;3;         ;06/1998;110;6.278;-1.286;11;0;-5.263;0;0;0;0;-150;
123;BONSUCESSO                                            ;I;3;2;06/1998;5.206;852;-200;0;0;-2.452;0;0;0;-405;3.001;
124;OPPORTUNITY                                           ;I;3;2;06/1998;0;21.937;-611;0;0;-19.820;0;0;0;0;1.506;
125;DESTAK                                                ;I;3;2;06/1998;958;31.153;-4.348;0;0;-21.570;0;0;0;0;6.193;
126;PLANIBANC                                             ;C;5;         ;06/1998;0;752;98;0;0;-13;0;0;0;0;837;
127;LA REPUBLICA                                          ;I;4;         ;06/1998;3.511;159;0;989;0;-2;-131;0;0;-4.929;-403;
128;BANER                                                 ;I;2;         ;06/1998;637;622;0;0;5;-2.518;-1.166;0;0;-1.997;-4.417;
129;BANCAP                                                ;I;3;2;06/1998;1.614;713;0;0;0;-1;0;0;0;-755;1.571;
130;HISPANO                                               ;I;4;         ;06/1998;0;908;0;0;0;0;0;0;0;0;908;
Total 50 Maiores Bancos (Consolidado Bancario I)            ;;;;;;33.082.484;23.833.037;-1.227.773;1.572.206;3.753.728;-28.968.843;-9.697.124;-2.696.954;-31.979;-7.692.730;11.926.052;
% de Participacao 50 maiores Bancos (Consolidado Bancario I);;;;;;81,0%;83,0%;88,0%;91,0%;92,0%;84,0%;78,0%;73,0%;79,0%;84,0%;85,0%;
Total demais Bancos (Consolidado Bancario I)                ;;;;;;2.009.087;1.329.372;-42.968;98.984;133.180;-1.651.304;-388.567;-53.834;-5.806;-292.906;1.135.238;
Total Consolidado Bancario I ( 130  Instituicoes )          ;;;;;;35.091.571;25.162.409;-1.270.741;1.671.190;3.886.908;-30.620.147;-10.085.691;-2.750.788;-37.785;-7.985.636;13.061.290;
% de Participacao Consolidado Bancario I                    ;;;;;;86,0%;88,0%;91,0%;97,0%;95,0%;89,0%;81,0%;74,0%;94,0%;87,0%;93,0%;
1;BNDES                                                 ;I;1;         ;06/1998;1.771.544;141.816;405;1.502;0;-107;-1.617.314;0;0;-186.734;111.112;
2;CCF BRASIL                                            ;C;4;         ;06/1998;95.715;789.045;-178.429;33.273;3.126;-628.341;-71.932;-38.571;0;-933;2.953;
3;FIAT;C;4;         ;06/1998;570.937;39.330;-120;0;28.581;-257.364;-23.928;-190.476;0;-69.486;97.474;
4;BANCOCIDADE                                           ;C;3;         ;06/1998;135.960;130.436;4.822;11.545;17.605;-178.527;-35.942;-25.891;0;-11.935;48.073;
5;GM                                                    ;C;4;         ;06/1998;431.471;4.269;-11.449;2;4.552;-142.476;-25.124;-150.294;0;-41.762;69.189;
6;FORD                                                  ;C;4;         ;06/1998;324.937;1.830;-417;0;13;-78.624;-39.337;-120.336;0;-23.873;64.193;
7;VOLKSWAGEN                                            ;C;4;         ;06/1998;372.535;3.572;0;0;0;-108.659;-25.409;-117.597;0;-53.252;71.190;
8;ICATU                                                 ;C;3;         ;06/1998;1.324;301.459;-13.103;240;4.548;-253.442;-5.981;0;0;0;35.045;
9;BRDE                                                  ;I;2;         ;06/1998;122.390;25.304;29;0;0;-26;-84.210;-211;0;-60.629;2.647;
10;REPUBLIC NATION                                       ;I;4;         ;06/1998;1.921;54.046;2.236;0;16.238;-17.580;-47.316;0;-614;0;8.931;
11;MULTI                                                 ;I;4;         ;06/1998;3.038;72.024;-1.693;2.089;1.754;-21.852;-23.199;0;0;95;32.256;
12;MATRIX                                                ;C;3;         ;06/1998;4.597;52.070;22.097;135;0;-40.858;-7.578;0;0;-64;30.399;
13;DESENBANCO                                            ;I;2;         ;06/1998;27.861;13;0;0;0;-959;-24.273;0;0;-313.516;-310.874;
14;FONTE                                                 ;C;3;         ;06/1998;4.915;135.597;25.780;118;209;-114.925;-1.574;0;0;-1.629;48.491;
15;LIBERAL;C;4;         ;06/1998;663;30.578;-4.417;957;0;-10.788;-9.227;0;0;-12;7.754;
16;MULTIPLIC                                             ;C;5;         ;06/1998;0;39.054;1.257;366;0;-2.848;-9.700;0;0;0;28.129;
17;BDMG                                                  ;I;2;         ;06/1998;56.512;19.924;0;0;0;-1.037;-38.486;0;0;-57.080;-20.167;
18;FENICIA                                               ;C;3;         ;06/1998;47.468;6.554;15.272;1.630;0;-31.232;-3.485;-57;0;-5.271;30.879;
19;BADESC                                                ;I;2;         ;06/1998;24.903;749;0;0;0;0;-15.345;0;0;-53.086;-42.779;
20;BANCO AXIAL                                           ;I;3;2;06/1998;8;24.148;2.908;0;25;-18.209;0;0;0;0;8.880;
21;PATRIMONIO                                            ;I;3;         ;06/1998;0;30.601;-2.687;0;246;-23.462;-716;0;-408;0;3.574;
22;BANDES                                                ;I;2;2;06/1998;10.411;15.878;-12;0;0;-739;-9.249;0;0;-17.186;-897;
23;INDUSVAL                                              ;C;3;         ;06/1998;17.392;12.665;-424;885;949;-17.525;-1.912;0;0;-4.378;7.652;
24;MARKA                                                 ;I;3;         ;06/1998;851;38.063;15.055;310;0;-33.681;-2;0;0;62;20.658;
25;PATENTE                                               ;C;3;         ;06/1998;460;81.137;5.382;5;1.230;-78.140;-50;0;0;-10;10.014;
26;ARBI                                                  ;C;3;         ;06/1998;1.984;16.691;94;0;0;-14.993;-450;0;-7;-405;2.914;
27;BRJ                                                   ;I;3;         ;06/1998;22.852;97;0;0;6.820;-314;-23.317;0;-10;-216;5.912;
28;EUROINVEST                                            ;I;5;2;06/1998;891;5.281;0;0;0;-9.978;-1.871;0;0;16;-5.661;
29;SOCOPA                                                ;C;3;         ;06/1998;7.134;8.284;2.242;608;0;-9.940;-962;0;0;-838;6.528;
30;RENDIMENTO                                            ;I;3;         ;06/1998;20.166;21.963;3.683;0;1.362;-21.314;-423;0;-177;-15.064;10.196;
31;EQUATORIAL                                            ;I;3;2;06/1998;5.724;9.741;39;0;1.409;-11.498;0;0;0;-286;5.129;
32;STOCK;C;3;         ;06/1998;592;130.757;788;0;0;-129.236;0;0;0;87;2.988;
33;TRANSBANCO                                            ;I;3;2;06/1998;11.929;4.635;0;0;0;-5.987;-9.525;0;0;-4.291;-3.239;
34;BOREAL                                                ;I;3;2;06/1998;729;1.573;6.130;7;0;-1.661;0;0;0;0;6.778;
35;TENDENCIA                                             ;C;3;         ;06/1998;71;2.573;-821;66;0;-3.080;-15;0;0;0;-1.206;
36;GRAPHUS                                               ;C;4;         ;06/1998;27;3.417;3;100;0;-1.471;-157;0;0;61;1.980;
37;MERRILL LYNCH                                         ;I;4;         ;06/1998;0;3.692;0;0;33;-7;0;-40;0;0;3.678;
38;PORTO REAL                                            ;I;3;         ;06/1998;10.163;1.557;-562;0;393;-4.950;0;0;0;-815;5.786;
39;OURINVEST                                             ;C;3;         ;06/1998;6.262;6.300;816;0;0;-1.458;-2.016;0;-1.304;-1.411;7.189;
40;REDE                                                  ;I;3;         ;06/1998;4.425;308;44;0;91;-2.025;-318;0;0;-40.691;-38.166;
41;HEXABANCO                                             ;I;3;         ;06/1998;7.378;771;-779;0;580;-5.927;0;0;0;60;2.083;
42;BCO MERCANTIL INVS                                            ;I;3;2;06/1998;7.027;42;0;0;0;-1.290;-424;0;0;-5.332;23;
43;BANACRE                                               ;I;2;         ;06/1998;6.494;-339;0;0;54;-13.510;-56;0;0;-17.874;-25.231;
44;INTERPART                                             ;I;3;         ;06/1998;2.717;-465;191;0;0;-651;-851;0;0;25;966;
45;NACOES                                                ;I;3;         ;06/1998;7.089;1.267;-18;0;0;-3.362;-308;0;0;-2.966;1.702;
46;EXPRINTER LOSAN                                       ;I;5;2;06/1998;7.868;1.048;-1.481;0;0;-1.253;0;0;0;-5.163;1.019;
47;TRICURY                                               ;I;3;         ;06/1998;4.644;2.551;-67;0;0;-3.228;0;0;0;-386;3.514;
48;INDUSCRED                                             ;I;3;         ;06/1998;2.861;2.710;0;0;0;-2.214;0;0;0;1.039;4.396;
49;EMBLEMA                                               ;I;3;2;06/1998;524;3.881;-36;0;0;-1.697;-24;0;0;-19;2.629;
50;BCR                                                   ;I;3;2;06/1998;9.676;15;-776;0;497;-6.535;0;0;0;-12.385;-9.508;
51;MALCON                                                ;I;3;2;06/1998;3.641;526;0;0;0;-697;0;0;0;-424;3.046;
52;MISASI                                                ;C;3;         ;06/1998;1.344;770;-41;0;0;-1.030;0;0;0;0;1.043;
53;FICRISA AXELRUD                                       ;I;3;         ;06/1998;3.998;675;0;0;0;-949;-1;0;0;-1.279;2.444;
54;KEB                                                   ;I;4;         ;06/1998;0;2.591;0;1;0;-1;0;0;0;0;2.591;
55;HNF                                                   ;I;3;2;06/1998;270;0;0;0;0;-373;0;0;0;310;207;
56;POTTENCIAL                                            ;I;3;         ;06/1998;1.994;222;5;0;0;-315;-508;0;0;-23;1.375;
57;MAXINVEST                                             ;I;3;         ;06/1998;1.734;715;0;0;4;-872;0;0;0;-702;879;
58;FINANSINOS                                            ;I;3;2;06/1998;2.558;342;0;0;0;-740;0;0;0;-584;1.576;
59;PRIME                                                 ;I;3;2;06/1998;8;603;599;0;0;-776;-1;0;0;0;433;
60;TECNICORP                                             ;I;3;2;06/1998;1.771;88;0;0;0;-750;0;0;0;-1.088;21;
61;MINAS                                                 ;I;3;         ;06/1998;1.449;700;-61;0;0;-592;0;0;0;-67;1.429;
62;FITAL                                                 ;I;3;         ;06/1998;0;4.213;0;0;341;-3.104;0;0;0;0;1.450;
63;PERFORMANCE                                           ;I;3;         ;06/1998;47;4.013;119;0;0;-3.355;0;0;0;0;824;
64;OK                                                    ;I;3;         ;06/1998;2.624;231;0;0;0;-41;0;0;0;-84;2.730;
65;INVESTOR                                              ;C;3;         ;06/1998;173;81;43;0;0;0;-810;0;0;-521;-1.034;
66;ROYAL INVEST                                          ;I;3;2;06/1998;471;305;0;0;0;0;0;0;0;299;1.075;
67;STERLING                                              ;I;5;         ;06/1998;180;-24;0;0;0;-357;0;0;0;0;-201;
Total 5 Maiores Bancos (Consolidado Bancario II)            ;;;;;;3.005.627;1.104.896;-184.771;46.322;53.864;-1.206.815;-1.774.240;-405.232;0;-310.850;328.801;
% de Participacao 5 maiores Bancos (Consolidado Bancario II);;;;;;7,0%;4,0%;13,0%;3,0%;1,0%;4,0%;14,0%;11,0%;0,0%;3,0%;2,0%;
Total demais Bancos (Consolidado Bancario II)               ;;;;;;1.193.675;1.189.667;77.417;7.517;36.796;-1.126.117;-389.086;-238.241;-2.520;-700.846;48.262;
Total Consolidado Bancario II ( 67  Instituicoes )          ;;;;;;4.199.302;2.294.563;-107.354;53.839;90.660;-2.332.932;-2.163.326;-643.473;-2.520;-1.011.696;377.063;
% de Participacao Consolidado Bancario II                   ;;;;;;10,0%;8,0%;8,0%;3,0%;2,0%;7,0%;17,0%;17,0%;6,0%;11,0%;3,0%;
Total Consolidado Bancario III ( 1074  Instituicoes )       ;;;;;;294.977;73.001;0;0;1.012;-105.687;-45.887;0;0;-31.042;186.374;
% de Participacao Consolidado Bancario III                  ;;;;;;1,0%;0,0%;0,0%;0,0%;0,0%;0,0%;0,0%;0,0%;0,0%;0,0%;1,0%;
Total Consolidado Nao Bancario ( 410  Instituicoes )        ;;;;;;1.009.273;1.213.148;-20.919;2.459;96.733;-1.274.577;-209.600;-302.834;-5;-118.174;395.504;
% de Participacao Consolidado Nao Bancario                  ;;;;;;2,0%;4,0%;2,0%;0,0%;2,0%;4,0%;2,0%;8,0%;0,0%;1,0%;3,0%;
Total do Sistema Financeiro Nacional                        ;;;;;;40.595.123;28.743.121;-1.399.014;1.727.488;4.075.313;-34.333.343;-12.504.504;-3.697.095;-40.310;-9.146.548;14.020.231;
Fonte: Sisbacen
TD (Tipo de Documento): C - Conglomerado, I - Instituição Independente
TC (Tipo de Controle): 1 - Público Federal, 2 - Público Estadual, 3 - Privado Nacional, 4 - Privado Controle Estrangeiro, 5 - Privado Participação Estrangeira
Obs.: 1 - Excepcionalidades ao cumprimento de limites - Vide Relatório
      2 - Instituições líderes do conglomerado bancário não optante pela consolidação mensal de balancetes.
