50 Maiores Bancos e o Consolidado do Sistema Financeiro Nacional
ATIVOS
Data-base: Dezembro/1995;;;;;;;;;;;;;;;Balancetes processados até: 22/12/2005

;;;;;;;;;;;;;;;;Em R$ Mil
ATIVOS
Ranking;Instituições;TD;TC;Obs.;Data;Ativo;Disponibilidades;Aplicações;TVM e Instrumentos;Relações;Relações;Oper. Créd. e Arrend. Mercantil;;Outros;Outros;Imobilizado de;Permanente
;;;;;Balancete;Total;;Interfinanceiras;Financeiros Derivativos;Interfinanceiras;Interdependências;Total;Provisão p/ CL;Créditos;Valores e Bens;Arrendamento;(*)
1;CEF                                                   ;I;1;         ;12/1995;80.413.061;75.141;7.724.293;6.775.392;8.204.271;77.884;39.459.716;-203.067;12.841.498;1.740.257;0;3.717.678;
2;BB                                                    ;C;1;         ;12/1995;79.854.753;1.905.321;10.992.826;13.878.063;4.940.064;3.479;35.142.399;-1.176.319;10.393.584;226.155;697.321;2.851.859;
3;BANESPA                                               ;C;2;         ;12/1995;49.143.477;1.041.603;13.270.201;13.546.466;287.843;6.962;19.164.343;-183.973;1.070.778;62.940;127.834;748.480;
4;BRADESCO                                              ;I;3;2;12/1995;28.847.096;656.728;6.699.204;1.100.585;2.954.946;25.684;10.783.658;-123.117;2.460.074;34.724;36.603;4.218.007;
5;UNIBANCO                                              ;C;5;         ;12/1995;22.290.730;1.929.806;4.480.726;2.938.459;767.101;14.985;6.836.584;-293.853;2.340.959;92.443;872.518;2.311.002;
6;ITAU                                                  ;I;3;2;12/1995;19.616.485;1.147.859;2.924.749;945.122;2.158.467;4.197;6.298.264;-29.491;2.580.368;344.058;0;3.242.893;
7;BAMERINDUS                                            ;C;3;         ;12/1995;14.581.830;186.153;425.205;1.891.200;1.587.899;20.912;6.691.833;-122.149;2.015.181;147.084;575.551;1.162.960;
8;REAL;C;3;         ;12/1995;11.115.665;97.413;929.915;2.046.850;930.386;12.229;4.183.067;-263.229;1.530.180;24.882;871.758;752.213;
9;NOSSA CAIXA                                           ;I;2;         ;12/1995;8.730.695;16.528;24.763;1.158.203;854.760;3.129;5.882.751;-14.279;368.588;20.308;70;415.874;
10;BANRISUL                                              ;I;2;2;12/1995;12.182.474;43.163;4.886.126;5.262.659;214.851;5.765;1.376.860;-6.968;148.921;9.209;0;241.888;
11;SAFRA                                                 ;C;3;         ;12/1995;7.087.373;33.999;2.282.885;2.278.744;119.780;1.610;1.366.945;-19.448;320.601;15.593;463.617;223.046;
12;CREDIREAL                                             ;I;2;2;12/1995;6.623.317;7.039;211.837;5.649.167;34.494;1.768;384.269;-2.807;218.933;17.560;0;101.056;
13;BANERJ                                                ;I;2;2;12/1995;6.200.546;12.682;43.599;4.157.360;209.370;21.922;822.435;-3.102;692.578;65.274;24;178.405;
14;BCN                                                   ;I;3;2;12/1995;9.001.161;15.463;4.721.277;408.504;266.441;0;1.886.748;-79.279;975.987;17.685;25.347;762.988;
15;BNB                                                   ;I;1;         ;12/1995;5.571.754;11.001;212.532;145.960;218.996;958;4.436.575;-30.564;354.875;3.144;0;218.277;
16;BANESTADO                                             ;C;2;         ;12/1995;5.142.762;204.841;59.839;500.747;398.354;756;2.692.087;-80.406;489.382;28.093;679.661;169.409;
17;SUDAMERIS                                             ;C;4;         ;12/1995;4.964.032;43.178;1.079.754;378.844;156.727;0;1.878.915;-46.866;913.371;21.403;265.576;273.130;
18;CITIBANK                                              ;C;4;         ;12/1995;4.249.911;211.876;1.341.448;310.820;247.603;0;1.083.322;-7.113;777.757;13.641;95.441;175.116;
19;BANKBOSTON                                            ;C;4;         ;12/1995;4.389.876;169.107;1.808.197;578.970;82.302;8.188;538.857;-2.298;858.532;4.882;212.585;130.553;
20;BBA-CREDITANSTALT;I;5;2;12/1995;4.345.039;460.031;1.156.878;464.390;195.593;0;434.680;-20.000;1.366.882;3.100;0;283.484;
21;MERCAPAULO                                            ;I;3;2;12/1995;3.609.475;64.324;767.901;656.516;212.775;413;628.649;-8.434;482.808;4.801;0;799.723;
22;BOAVISTA                                              ;C;3;         ;12/1995;3.563.497;51.714;857.411;822.008;89.731;0;1.047.727;-54.426;520.486;9.864;103.654;115.327;
23;LLOYDS                                                ;C;4;         ;12/1995;3.696.296;7.746;1.670.866;469.660;138.997;0;749.951;7.823;550.820;29.675;29.046;41.711;
24;AMERICA DO SUL                                        ;I;5;2;12/1995;3.622.762;34.557;776.625;302.372;303.093;12.380;1.590.475;-6.064;315.977;16.472;0;276.876;
25;BCO BFB                                                   ;I;4;2;12/1995;2.833.727;107.947;369.532;143.143;64.469;710;1.160.876;-1.514;673.562;17.787;0;297.214;
26;BOZANO,SIMONSEN                                       ;C;5;         ;12/1995;3.573.724;38.536;1.686.746;503.864;38.102;0;284.713;-3.591;762.168;7.988;61.365;193.833;
27;ABN AMRO                                              ;I;4;2;12/1995;2.763.050;31.449;702.270;220.546;187.666;185.893;653.001;-7.931;676.263;4.307;0;109.587;
28;BEMGE                                                 ;I;2;2;12/1995;2.691.241;55.409;493.046;418.660;239.679;7.910;968.867;-25.373;369.247;4.609;0;159.187;
29;MERIDIONAL                                            ;I;1;2;12/1995;2.254.080;8.002;292.135;123.560;130.839;0;1.156.704;-25.389;242.851;96.943;0;228.435;
30;BCO BANDEIRANTES                                          ;I;3;2;12/1995;3.700.553;49.342;1.824.568;395.538;129.051;2.979;876.379;-6.896;193.289;10.629;0;225.674;
31;PONTUAL                                               ;C;3;         ;12/1995;2.081.518;4.581;598.583;480.809;26.180;0;587.605;-13.358;105.243;38.492;216.047;37.337;
32;BANEB                                                 ;I;2;2;12/1995;1.623.942;10.225;64.502;441.624;159.345;248;725.124;-2.455;107.777;5.152;0;112.400;
33;BANCO BMC                                                   ;I;3;2;12/1995;1.533.649;14.909;93.437;286.885;25.365;0;855.070;-20.705;174.285;23.192;0;81.211;
34;BESC                                                  ;I;2;2;12/1995;1.591.900;27.419;137.454;695.867;85.883;5.049;527.594;-2.280;34.633;2.756;0;77.523;
35;DIBENS                                                ;C;3;         ;12/1995;1.436.663;4.582;189.783;140.694;22.598;0;350.762;-16.094;157.738;17.705;547.907;20.987;
36;JP MORGAN                                             ;C;4;         ;12/1995;1.369.156;786;440.135;418.873;14.610;0;125.824;-50;352.760;0;0;16.218;
37;BMB                                                   ;I;3;2;12/1995;1.458.356;6.891;441.264;40.291;74.567;855;644.850;-14.622;70.446;5.207;0;188.606;
38;EXCEL                                                 ;I;4;2;12/1995;1.263.299;4.725;85.797;238.340;24.971;0;595.399;-8.262;112.460;18.217;0;191.652;
39;PACTUAL                                               ;I;3;2;12/1995;2.117.810;15.983;1.309.353;257.891;63.107;0;21.037;0;295.294;483;0;154.661;
40;CREDIBANCO                                            ;I;5;2;12/1995;1.211.019;6.157;218.557;85.636;54.145;0;587.020;-715;139.660;7.249;38.174;75.135;
41;VOTORANTIM                                            ;I;3;         ;12/1995;1.863.104;325;1.184.466;245.063;27.276;0;142.137;-6.732;202.480;33;0;68.055;
42;BRB                                                   ;I;2;2;12/1995;1.194.404;37.988;92.676;156.137;148.503;88;596.861;-4.376;36.664;8.293;0;121.571;
43;BIC                                                   ;I;3;2;12/1995;1.163.752;9.148;131.014;94.658;35.080;4.111;670.930;-1.461;106.023;12.196;9.338;92.714;
44;CHASE MANHATTAN                                       ;I;4;2;12/1995;1.427.646;189;831.809;130.859;22.492;0;42.635;0;284.156;4.059;0;111.447;
45;DEUTSCHE                                              ;I;4;         ;12/1995;1.060.775;67.882;69.020;138.607;6.760;0;240.636;-698;509.555;128;0;28.886;
46;FIBRA                                                 ;I;3;2;12/1995;1.055.817;1.474;128.956;310.484;10.701;0;424.353;-4.489;113.977;2.580;0;67.781;
47;RURAL                                                 ;C;3;         ;12/1995;1.054.461;8.626;126.521;219.813;12.091;0;534.741;-16.889;56.015;4.378;46.429;62.736;
48;BASA                                                  ;I;1;         ;12/1995;1.014.199;6.585;330.616;47.164;32.836;4.913;261.491;-4.135;265.525;8.694;0;60.510;
49;BMG                                                   ;C;3;         ;12/1995;972.624;7.325;62.318;89.948;18.806;17;364.675;-13.421;93.094;6.318;289.378;54.167;
50;GERAL DO COMERCIO;C;3;         ;12/1995;961.909;10.757;25.016;211.364;52.276;8;472.066;-7.200;103.438;2.715;52.593;38.876;
51;BCN BARCLAYS                                          ;I;5;2;12/1995;921.324;7.068;279.822;137.433;33.429;0;273.267;-9.630;160.370;5.862;0;33.703;
52;DEUTSCH                                               ;I;4;         ;12/1995;909.057;12.354;177.225;56.187;2.121;0;360.973;-2.249;276.075;2.716;0;23.654;
53;SOGERAL;C;5;         ;12/1995;1.340.160;3.912;769.527;48.691;29.005;0;138.730;-1.136;194.051;3.468;129.720;24.191;
54;BANESTES                                              ;I;2;2;12/1995;849.535;11.117;18.693;68.781;117.123;684;516.242;-2.734;59.365;3.048;0;57.215;
55;BEC                                                   ;I;2;2;12/1995;759.062;3.273;74.076;45.891;76.766;1.966;500.625;-7.020;28.631;7.420;0;27.433;
56;NEDERLANDEN                                           ;I;4;         ;12/1995;948.974;606;525.867;109.147;92.494;0;85.303;0;122.521;139;0;12.896;
57;SUMITBANK                                             ;I;4;         ;12/1995;703.293;549;217.521;10.054;9.573;0;207.355;-1.086;249.097;1.089;0;9.140;
58;BNL                                                   ;I;4;2;12/1995;660.042;4.494;250.921;53.250;7.031;0;231.257;-18.260;104.197;2.247;2.348;22.556;
59;BANDEPE                                               ;I;2;2;12/1995;619.634;5.363;20.647;55.874;94.770;417;315.181;-984;47.667;6.163;0;74.538;
60;ABC-ROMA                                              ;I;5;2;12/1995;584.684;4.949;162.050;82.920;12.334;0;159.212;-1.011;68.282;427;0;95.521;
61;BEAL                                                  ;I;4;2;12/1995;692.826;825;289.316;40.838;23.729;0;119.086;0;198.351;2.012;0;18.670;
62;OMEGA;C;3;         ;12/1995;563.834;2.903;5.519;439.010;1.720;0;35.221;-1.364;53.897;6.066;0;20.860;
63;MITSUBISHI                                            ;I;4;2;12/1995;557.635;723;201.619;21.799;1.923;0;64.579;0;248.321;1.668;0;17.003;
64;SANTOS                                                ;I;3;2;12/1995;519.948;46;12.137;362.204;3.375;797;100.785;-661;9.408;804;0;31.053;
65;SRL                                                   ;I;5;         ;12/1995;481.476;3.071;163.990;60.554;3.932;0;28.679;0;181.145;129;0;39.975;
66;BMD                                                   ;C;3;         ;12/1995;483.513;6.157;18.473;40.371;13.664;955;263.921;-8.011;73.525;8.749;16.019;49.690;
67;SUL AMERICA                                           ;I;5;2;12/1995;429.965;6.706;33.998;204.476;11.805;0;45.982;0;59.665;291;0;67.043;
68;BEG                                                   ;I;2;2;12/1995;384.105;6.044;50.816;32.859;32.781;460;215.713;-7.085;25.433;2.017;0;25.067;
69;BANFORT                                               ;I;3;2;12/1995;332.088;7.998;531;32.565;11.941;0;217.549;-5.624;31.364;6.529;0;29.235;
70;BANSANDER                                             ;I;4;         ;12/1995;349.556;159;40.033;296.189;1;0;0;0;4.957;99;0;8.117;
71;CACIQUE                                               ;I;3;         ;12/1995;295.788;808;52.912;101.674;7.276;0;92.116;-5;31.124;531;0;9.355;
72;BANPARA                                               ;I;2;2;12/1995;274.921;4.362;24.352;13.899;15.165;2.397;156.814;-2.291;15.851;492;0;43.880;
73;INVESTCRED                                            ;I;3;2;12/1995;261.261;498;42.197;27.903;7.846;0;163.048;0;12.676;83;0;7.011;
74;FININVEST                                             ;I;5;2;12/1995;231.623;1.331;35.618;42.807;8.740;140;97.294;-1.141;19.823;867;0;26.145;
75;AGF                                                   ;I;5;         ;12/1995;225.736;340;151.176;39.291;3.993;0;16.393;-63;13.897;0;0;709;
76;PANAMERICANO                                          ;I;3;2;12/1995;209.166;201;34.829;15.874;6.819;0;141.651;-592;3.025;715;0;6.646;
77;PORTUGUES                                             ;I;4;         ;12/1995;199.805;8.572;51.364;3.726;327;0;24.789;0;102.116;34;0;8.876;
78;SOFISA                                                ;C;3;         ;12/1995;201.822;914;67.448;13.396;3.169;1.983;92.916;-460;1.472;1.635;1.161;18.190;
79;CREDITO SP                                            ;I;3;2;12/1995;180.007;188;31.319;9.978;3.469;0;114.241;-1.448;10.078;1.072;0;11.110;
80;BEM                                                   ;I;2;2;12/1995;175.535;2.285;0;20.626;12.633;367;85.547;-505;26.028;1.511;0;27.041;
81;BANESE                                                ;I;2;         ;12/1995;159.936;3.595;10.507;14.351;23.459;0;81.931;-598;4.356;2.831;0;19.505;
82;FINANCIAL                                             ;I;4;         ;12/1995;155.509;6.883;11.738;20.247;528;97;19.253;-84;90.998;2.074;0;3.775;
83;SCHAHIN                                               ;C;3;         ;12/1995;151.188;1.483;12.821;27.118;701;0;70.592;-734;15.497;7.195;1.898;14.617;
84;PRODUBAN                                              ;I;2;2;12/1995;130.552;2.265;0;4.467;16.176;612;99.297;-4.658;1.422;261;0;10.710;
85;BBC                                                   ;I;3;2;12/1995;135.946;3.349;19.375;1.594;14.906;136;68.260;-1.376;15.502;897;0;13.302;
86;HISPANO                                               ;I;4;         ;12/1995;119.915;2.768;19.975;902;727;0;31.746;-3.749;61.618;217;0;5.710;
87;INDUSTRIAL                                            ;I;3;2;12/1995;111.891;32;21.060;26.629;3.032;0;36.536;-80;7.589;0;0;17.094;
88;BCO GARANTIA                                              ;I;3;2;12/1995;99.741;441;78.553;1.166;33;0;13.032;0;124;0;0;6.392;
89;PARAIBAN                                              ;I;2;         ;12/1995;99.603;437;19.245;19.785;596;0;3.425;-12;4.266;1.576;0;50.286;
90;CREDIBEL                                              ;I;3;         ;12/1995;96.996;127;51.429;11.293;2.176;708;25.049;-568;3.138;2.865;0;778;
91;CONTINENTAL                                           ;I;5;2;12/1995;96.070;52;58.823;10.233;15;0;532;0;25.292;55;0;1.067;
92;BRASCAN                                               ;C;5;         ;12/1995;91.888;43;39.569;13.018;5.250;339;11.022;0;9.808;620;0;12.219;
93;DAYCOVAL                                              ;I;3;2;12/1995;85.768;69;7.152;31.549;1.325;8;26.721;-1.390;2.855;13;0;17.465;
94;PEBB                                                  ;I;3;2;12/1995;85.597;1.511;12.414;23.513;569;0;10.911;0;102;0;0;36.576;
95;BEPI                                                  ;I;2;         ;12/1995;83.742;598;7.504;10.227;4.669;117;45.576;-1.017;3.664;5.055;0;7.348;
96;LAVRA                                                 ;I;3;2;12/1995;82.337;2.639;4.607;4.188;658;25;48.597;-77;5.805;1.695;0;14.200;
97;TRIANGULO                                             ;I;3;         ;12/1995;79.013;153;2.096;10.205;3.465;0;58.745;-230;3.527;216;0;836;
98;UNION                                                 ;I;4;         ;12/1995;76.027;693;1.492;4.625;686;0;48.157;-1.973;8.081;4.182;0;10.085;
99;BEMAT                                                 ;I;2;         ;12/1995;82.754;537;20.332;6.692;2.158;1.744;27.595;-322;4.788;326;0;18.904;
100;GUANABARA                                             ;I;3;         ;12/1995;66.099;256;10.251;1.658;1.082;0;52.358;-1.592;1.717;9;0;360;
101;FATOR                                                 ;C;3;         ;12/1995;65.777;177;39.251;10.090;4;0;110;0;7.587;0;0;8.558;
102;ARAUCARIA                                             ;I;3;2;12/1995;63.124;858;13.871;6.216;213;0;16.575;0;19.018;1.025;0;5.347;
103;MAPPIN                                                ;I;3;2;12/1995;60.527;2.039;48.987;1.021;7;0;0;0;784;30;0;7.659;
104;INTERUNION                                            ;I;3;2;12/1995;60.819;160;1.341;17.753;782;0;27.981;0;4.234;0;0;8.568;
105;INTERCAP                                              ;I;3;2;12/1995;58.783;174;8.841;13.167;970;0;27.781;-350;1.272;3;0;6.925;
106;PRIMUS                                                ;I;3;2;12/1995;57.645;33;7.271;34.600;0;0;0;0;3.596;14;0;12.131;
107;PARANA                                                ;I;3;2;12/1995;57.023;326;8.600;2.452;1.572;0;23.319;-528;11.709;2.192;0;7.380;
108;VR                                                    ;I;3;2;12/1995;59.023;80;37.332;4.553;588;0;14.231;-58;817;3;0;1.477;
109;VEGA                                                  ;C;3;         ;12/1995;54.041;217;3.288;995;3.489;0;36.945;-279;3.669;819;0;4.897;
110;PROSPER                                               ;I;3;2;12/1995;53.931;136;16.787;17.558;60;213;8.537;0;1.157;0;0;9.482;
111;FICSA                                                 ;I;3;2;12/1995;48.371;110;13.924;2.422;477;154;25.917;-1.060;5.529;451;0;445;
112;LOGICA                                                ;I;3;         ;12/1995;43.478;7;8.386;25.361;0;0;0;0;8.462;1;0;1.261;
113;MORADA                                                ;I;3;2;12/1995;43.163;75;3.627;56;6.375;0;19.209;-36;679;2.602;0;10.576;
114;PECUNIA                                               ;I;3;2;12/1995;38.104;63;8.468;430;918;8;19.677;-463;6.170;576;0;2.257;
115;LUSO BRASILEIRO                                       ;I;3;         ;12/1995;37.872;266;6.211;189;699;0;25.621;-1.782;840;11;0;5.817;
116;LA PROVINCIA                                          ;I;4;         ;12/1995;35.951;541;17.258;18;185;0;3.994;-236;13.370;0;0;823;
117;UNIVERSAL                                             ;I;3;2;12/1995;34.542;76;0;479;599;3.976;17.509;0;1.174;1.769;0;8.960;
118;AGROINVEST                                            ;I;5;2;12/1995;33.390;5;15.997;1.129;458;0;16.416;-1.201;381;5;0;198;
119;BANER                                                 ;I;2;         ;12/1995;31.836;761;299;5.118;305;3;16.867;-1.784;955;50;0;9.263;
120;BANAP                                                 ;I;2;         ;12/1995;27.369;47;633;4.176;1.237;1;20.128;-1.091;766;14;0;1.458;
121;EXTERIBANK                                            ;I;4;         ;12/1995;25.741;137;5.236;19.072;35;0;403;0;293;50;0;515;
122;SEGMENTO                                              ;I;3;2;12/1995;24.758;63;7.463;301;392;0;8.467;-164;520;867;0;6.849;
123;RENNER                                                ;I;3;         ;12/1995;23.022;16;7.576;30;716;0;14.044;-187;464;47;0;316;
124;CEDULA                                                ;I;3;2;12/1995;22.612;130;1.419;253;279;72;15.141;0;798;768;0;3.753;
125;INTERIOR                                              ;I;3;         ;12/1995;22.493;45;3.856;943;531;0;16.407;-36;141;21;0;586;
126;EMPRESARIAL                                           ;I;3;2;12/1995;21.032;105;179;1.690;288;0;12.640;-152;449;179;0;5.654;
127;CLASSICO                                              ;I;3;         ;12/1995;20.985;3.541;16.028;61;116;121;702;0;11;0;0;404;
128;CRUZEIRO                                              ;I;3;2;12/1995;19.955;119;45;22;319;0;4.538;-50;7.351;1;0;7.610;
129;RIBEIRAO PRETO                                        ;I;3;         ;12/1995;23.613;1;5.565;1.676;324;0;15.287;0;546;8;0;205;
130;LA REPUBLICA                                          ;I;4;         ;12/1995;18.586;601;1.194;35;182;0;11.870;-721;3.270;440;0;1.715;
131;CAMBIAL                                               ;C;3;         ;12/1995;18.271;75;175;11.647;40;0;714;0;2.031;4;0;3.584;
132;BVA                                                   ;I;3;         ;12/1995;18.944;207;985;62;6;0;7.192;0;113;0;0;10.379;
133;MATONE                                                ;I;3;2;12/1995;17.937;60;2.499;1.536;377;0;8.949;-178;1.352;357;0;2.985;
134;BGN                                                   ;I;3;         ;12/1995;17.066;61;9.054;0;6;0;6.993;-94;8;2;0;1.036;
135;BANCNACION                                            ;I;4;         ;12/1995;16.678;395;106;200;574;79;3.520;0;6.138;13;0;5.654;
136;PREMIER                                               ;I;3;         ;12/1995;16.516;23;3.283;0;407;0;11.167;0;490;394;0;753;
137;SANTOS NEVES                                          ;I;3;2;12/1995;16.510;214;944;1.327;227;0;4.456;-117;181;21;0;9.256;
138;GERDAU                                                ;I;3;2;12/1995;15.272;222;1.963;0;653;0;12.200;-7;33;0;0;209;
139;INDUSCRED                                             ;I;3;2;12/1995;16.476;89;4.234;7;361;0;9.006;-311;346;170;0;2.573;
140;COMERCIAL SP                                          ;I;3;         ;12/1995;9.036;848;0;0;1.289;0;2.968;0;298;1.919;0;1.714;
141;THECA                                                 ;I;3;2;12/1995;8.222;6;290;0;0;0;0;0;995;1;0;6.930;
142;BCO PLANIBANC                                             ;I;5;2;12/1995;6.696;155;3.903;1.998;0;0;0;0;586;0;0;54;
143;BANCIONAL                                             ;I;3;2;12/1995;4.841;40;3.441;30;43;0;1.113;0;66;3;0;105;
144;CREDIPLAN                                             ;I;3;         ;12/1995;2.559;187;71;21;267;0;892;0;411;13;0;696;
Total 50 Maiores Bancos (Consolidado Bancario I)            ;;;;;;444.116.445;8.964.515;81.278.631;73.203.379;27.282.242;436.002;169.232.460;-2.978.065;50.827.723;3.263.357;6.317.837;26.288.358;
% de Participacao 50 maiores Bancos (Consolidado Bancario I);;;;;;74,0%;88,0%;66,0%;83,0%;58,0%;57,0%;84,0%;66,0%;73,0%;78,0%;44,0%;59,0%;
Total demais Bancos (Consolidado Bancario I)                ;;;;;;18.809.537;149.238;4.552.820;2.920.421;757.535;18.579;6.133.290;-102.705;2.821.621;112.813;151.146;1.294.769;
Total Consolidado Bancario I ( 144  Instituicoes )          ;;;;;;462.925.982;9.113.753;85.831.451;76.123.800;28.039.777;454.581;175.365.750;-3.080.770;53.649.344;3.376.170;6.468.983;27.583.127;
% de Participacao Consolidado Bancario I                    ;;;;;;77,0%;90,0%;70,0%;86,0%;60,0%;59,0%;87,0%;69,0%;78,0%;80,0%;45,0%;62,0%;
1;BNDES                                                 ;I;1;         ;12/1995;43.569.375;43.274;42.771;2.132.226;15.185.059;0;7.840.491;-3.814;6.415.415;221;0;11.913.733;
2;ECONOMICO                                             ;C;3;         ;12/1995;5.815.336;402.535;63.292;962.032;765.884;447;2.655.876;-216.667;550.276;48.055;74.963;508.642;
3;NOROESTE                                              ;C;3;         ;12/1995;3.914.720;195.498;1.092.312;389.465;105.402;1.063;1.351.418;-7.270;387.640;15.255;155.310;228.628;
4;CCF BRASIL                                            ;C;4;         ;12/1995;5.274.688;68.362;3.435.540;273.780;22.606;0;184.286;-2.119;1.117.787;3.060;118.105;53.281;
5;NACIONAL                                              ;C;3;         ;12/1995;3.198.221;3.482;92.769;1.000.521;451.735;57;274.067;-291.658;1.061.985;17.337;277.243;310.685;
6;BBI;C;3;         ;12/1995;2.816.445;853;790.641;1.157.430;241.368;100.700;171.774;-2.830;339.311;871;0;16.326;
7;BCO INV GARANTIA                                              ;I;3;2;12/1995;2.242.590;16.053;10.035;1.017.391;345.039;0;37.716;0;479.836;1;0;336.518;
8;NORCHEM                                               ;C;5;         ;12/1995;2.382.527;8.807;1.777.414;214.197;22.661;0;21.455;-1.480;236.043;1.366;0;102.063;
9;BANORTE                                               ;I;3;2;12/1995;1.839.688;16.772;10.996;185.334;225.503;0;999.948;-10.865;174.176;46.270;0;191.553;
10;MULTIPLIC                                             ;C;5;         ;12/1995;1.773.341;3.401;101.918;650.891;27.936;0;422.612;-13.275;285.478;4.355;23.793;266.233;
11;BANCOCIDADE                                           ;C;3;         ;12/1995;2.114.337;12.855;811.886;247.088;70.322;3;687.061;-10.662;77.147;27.974;111.893;78.769;
12;BISA                                                  ;I;3;2;12/1995;1.395.762;5.680;218.293;51.390;55.779;137;543.307;-1.358;267.869;6.983;0;247.682;
13;FIAT                                                  ;I;4;2;12/1995;1.263.044;4.356;192.576;73.503;14.834;0;845.842;-15.297;32.525;3.212;0;111.493;
14;ICATU                                                 ;I;3;2;12/1995;1.671.542;15.177;598.828;310.217;3.331;0;16.428;-2.000;579.857;800;0;148.904;
15;BRDE                                                  ;I;2;         ;12/1995;1.009.798;403;174.104;10.741;5;0;815.468;-6.833;8.268;3.589;1.541;2.512;
16;INTER-ATLANTICO                                       ;I;5;2;12/1995;1.010.053;13.307;464.402;70.540;26.058;47.664;217.677;-192;111.528;1.809;989;56.269;
17;GENERAL MOTORS                                        ;I;4;2;12/1995;843.344;1.037;44.751;236;2.331;3.297;732.166;-926;17.832;7.319;0;35.300;
18;BDMG                                                  ;I;2;         ;12/1995;781.298;169;0;272.227;1.838;0;389.533;-10.115;101.808;1.395;0;24.444;
19;AUTOLATINA                                            ;I;4;2;12/1995;741.737;6.563;4.917;0;17.082;0;698.934;-31.470;29.200;16.131;0;380;
20;TOKYO                                                 ;I;4;2;12/1995;555.135;6.651;103.617;9.952;3.837;54;70.607;0;320.102;827;0;39.488;
21;MATRIX                                                ;C;3;         ;12/1995;502.279;3.047;31.106;261.899;5.097;0;0;0;126.983;27;0;74.119;
22;MULTI                                                 ;I;4;2;12/1995;493.571;1.254;173.960;60.886;16.818;0;14.985;0;218.034;2.185;0;5.447;
23;DESENBANCO                                            ;I;2;         ;12/1995;447.079;36;2.467;0;8.732;0;418.574;-1.635;6.902;3.893;0;8.111;
24;BADESC                                                ;I;2;         ;12/1995;330.556;188;16.907;2.804;389;0;307.024;-1.730;1.769;2.573;0;631;
25;PROGRESSO                                             ;C;3;         ;12/1995;310.096;1.171;5.456;34.685;11.580;27;123.623;-1.648;58.360;23.043;14.679;39.120;
26;BOREAL                                                ;I;3;2;12/1995;333.539;1.318;30.378;280.480;10;0;2.126;0;1.186;3;0;18.038;
27;BCO MERCANTIL PERNAMBUCO INVS                                           ;I;3;2;12/1995;281.285;2.881;8.720;38.505;36.089;0;131.124;-4.760;43.798;13.000;0;11.928;
28;BRASEG                                                ;I;5;         ;12/1995;280.527;517;100.158;57.779;30.655;0;55.197;-2.574;31.109;1.390;0;6.294;
29;CREFISUL                                              ;I;5;2;12/1995;256.460;566;25.337;58.093;818;0;108.627;-5.009;27.497;20;0;40.509;
30;FENICIA                                               ;I;3;2;12/1995;231.718;2.084;15.348;66.629;4.749;0;99.182;-313;23.047;2.901;0;18.091;
31;BANQUEIROZ                                            ;I;3;2;12/1995;219.978;2.889;5.850;13.851;8.312;83;134.240;-3.117;35.254;1.123;0;21.493;
32;LIBERAL;C;3;         ;12/1995;207.066;149;256;135.019;68;52;92;-1;58.259;85;0;13.088;
33;BANDES                                                ;I;2;2;12/1995;200.525;215;9.311;57.300;101;0;132.177;-2.260;1.369;39;0;2.274;
34;CINDAM                                                ;I;3;2;12/1995;195.431;18.236;15.805;97.289;747;0;2.872;0;38.692;49;0;21.741;
35;BRJ                                                   ;I;3;         ;12/1995;182.821;191;3.538;9.385;39.085;0;119.831;-103;1.039;2.113;0;7.742;
36;GRAPHUS                                               ;C;3;         ;12/1995;177.679;10.990;298;34.634;6;101.900;7.780;0;11.767;0;0;10.304;
37;PATENTE                                               ;C;3;         ;12/1995;744.534;309;586.051;99.770;268;0;6.515;0;31.280;26;0;20.315;
38;RENDIMENTO                                            ;C;3;         ;12/1995;175.998;3.356;27.924;45.310;2.857;0;73.152;-589;11.872;265;0;11.850;
39;TRANSBANCO                                            ;I;3;2;12/1995;160.180;52;7.782;2.786;19.364;0;119.353;-1.913;9.064;1.790;0;1.903;
40;BERON                                                 ;I;2;         ;12/1995;159.412;2.104;11.551;5.455;2.071;21.900;87.027;-3.216;12.485;918;0;19.118;
41;BCO FINASA INV                                               ;I;3;2;12/1995;151.873;1;14.053;0;744;0;18.680;-68;22.368;0;0;96.095;
42;INDUSVAL                                              ;I;3;2;12/1995;146.151;2.308;3.900;46.065;1.715;0;57.703;-1.161;21.989;618;0;13.014;
43;GULFINVEST                                            ;I;5;2;12/1995;144.857;101;85.867;7.749;1.233;0;20.723;-86;20.982;0;0;8.286;
44;ARBI                                                  ;I;3;2;12/1995;138.498;730;27;18.720;1.475;25.293;46.289;1.152;5.685;4.545;0;34.582;
45;MARKA                                                 ;I;3;         ;12/1995;121.281;45;3.533;53.984;741;2.446;12.872;-80;15.784;71;0;31.886;
46;EUROINVEST                                            ;I;5;2;12/1995;131.964;19;37.223;19;0;0;12.646;-2;51.772;0;0;30.287;
47;MARTINELLI                                            ;I;3;2;12/1995;112.899;965;14.030;6.139;1.902;0;52.242;-966;15.083;3.274;0;20.231;
48;BCO INV BMC                                                   ;I;3;2;12/1995;98.759;6;64.559;23.698;781;0;32;0;8.117;0;0;1.567;
49;BATTISTELLA                                           ;I;3;         ;12/1995;96.369;296;0;0;0;0;65.208;-1.150;4.657;4.454;0;22.904;
50;BANACRE                                               ;I;2;         ;12/1995;89.638;863;5.109;21.601;5.150;487;41.514;-306;4.244;727;0;10.250;
51;BCO BANDEIRANTES INVS                                         ;I;3;2;12/1995;88.796;181;1.621;2.653;0;0;63.946;-84;2.237;13;0;18.228;
52;FONTE                                                 ;C;3;         ;12/1995;82.145;2.700;968;30.325;0;0;4.639;0;20.772;46;0;22.696;
53;OURINVEST                                             ;C;3;         ;12/1995;80.734;1.807;58.704;9.850;556;0;6.059;-3;1.256;0;0;2.505;
54;HNF                                                   ;I;3;2;12/1995;74.373;159;11.722;4.499;1.615;0;39.259;-3.564;12.987;2.921;0;4.775;
55;FITAL                                                 ;I;3;         ;12/1995;73.157;3;65.044;6.828;955;0;0;0;291;0;0;36;
56;PORTO REAL                                            ;I;3;         ;12/1995;70.063;741;15.505;2.137;5.385;6.671;23.624;-308;2.234;2.558;0;11.516;
57;DESTAK                                                ;I;3;         ;12/1995;69.483;17;5.642;55.433;108;0;4.615;-99;854;2;0;2.911;
58;PATRIMONIO                                            ;I;3;         ;12/1995;67.763;10;21.913;37.495;0;0;0;0;2.250;0;0;6.096;
59;DIMENSAO                                              ;I;3;2;12/1995;65.723;1.710;1.199;46.597;377;0;7.648;0;4.979;1;0;3.212;
60;EQUATORIAL                                            ;I;3;         ;12/1995;65.133;115;34.361;10.618;625;0;18.934;0;187;0;0;293;
61;TENDENCIA                                             ;I;3;2;12/1995;79.354;262;21.323;15.982;78;0;2.395;0;1.452;2;0;37.859;
62;BCR                                                   ;I;3;2;12/1995;57.920;197;16.133;2.441;1.179;8;23.771;-371;6.058;1.531;0;6.974;
63;IOCHPE                                                ;I;3;         ;12/1995;60.860;79;10.470;1;1.769;377;33.681;-281;3.747;0;0;11.018;
64;STOCK                                                 ;I;3;2;12/1995;1.267.449;115;1.214.705;34.238;0;0;2.670;-440;574;6.401;0;9.188;
65;PAULISTA                                              ;I;3;2;12/1995;53.444;3.259;12.864;192;2.081;0;19.880;-323;3.988;457;0;11.047;
66;BCO MERCANTIL INVS                                            ;I;3;2;12/1995;47.794;17;16.942;71;957;0;24.566;-592;3.330;1.043;0;1.460;
67;UNITED                                                ;I;3;2;12/1995;63.076;16;20.209;2.845;387;0;8.083;-17;2.730;3;0;28.819;
68;VETOR                                                 ;C;3;         ;12/1995;60.904;130;20.978;5.807;71;0;1.925;0;20.952;8;0;11.034;
69;METROPOLITANO                                         ;I;5;         ;12/1995;42.369;163;192;7.742;702;0;16.696;-70;11.934;2.666;0;2.344;
70;HEXABANCO                                             ;I;3;         ;12/1995;38.794;1.217;4.507;6.555;563;0;19.672;-358;1.487;21;0;5.131;
71;INVESTOR                                              ;C;3;         ;12/1995;37.631;15;2.254;14.860;132;0;3.019;0;11.238;1;0;6.111;
72;INTERFINANCE                                          ;I;3;2;12/1995;51.141;226;25.670;2.913;288;0;17.894;-299;715;180;0;3.556;
73;BCO INV PLANIBANC                                             ;I;5;2;12/1995;36.137;98;19.520;0;2;0;233;0;2.272;0;0;14.013;
74;MIL                                                   ;I;3;2;12/1995;35.857;751;457;1.175;1.521;142;15.908;-184;1.911;4.039;0;10.137;
75;BFI                                                   ;I;5;2;12/1995;34.658;300;265;581;56;0;22.333;-222;7.641;0;0;3.704;
76;NACOES                                                ;I;3;         ;12/1995;34.718;291;10.076;2.429;500;0;16.496;-88;303;759;0;3.952;
77;EXPRINTER LOSAN                                       ;I;5;2;12/1995;33.284;26;10.620;11.533;0;0;0;0;9.550;3;0;1.552;
78;D'EL REY                                              ;I;3;2;12/1995;33.243;182;19.412;54;0;0;3.242;0;1.391;0;0;8.961;
79;PRIME                                                 ;C;3;         ;12/1995;33.339;77;2.500;5.098;66;0;54;0;21.382;24;0;4.139;
80;APLICAP                                               ;C;3;         ;12/1995;8.264.525;55;8.234.270;21.979;0;0;0;0;1.946;59;0;6.216;
81;TRICURY                                               ;I;3;         ;12/1995;28.242;438;8.140;276;537;0;13.871;-1.126;397;892;0;4.816;
82;AUGUSTA 251                                           ;I;3;2;12/1995;24.803;37;4.499;8;10;0;155;-4;85;4;0;20.010;
83;MAXI-DIVISA                                           ;I;3;         ;12/1995;23.747;11;0;11.929;18;0;467;0;941;0;0;10.381;
84;MISASI                                                ;C;3;         ;12/1995;22.590;22;5.115;1.515;107;0;2.008;0;6.758;757;0;6.308;
85;BCO BFB BI                                                  ;I;4;2;12/1995;20.183;4;10.781;1;0;0;0;-12;7.665;246;0;1.500;
86;STERLING                                              ;I;5;         ;12/1995;19.900;9;0;26;15.260;0;0;0;2.057;0;0;2.549;
87;EMBLEMA                                               ;I;3;2;12/1995;19.802;44;1.753;16.983;2;0;682;0;114;28;0;196;
88;MALCON                                                ;I;3;2;12/1995;17.944;28;9.453;13;137;0;4.917;-190;2.897;71;0;617;
89;VARIG                                                 ;I;3;2;12/1995;17.694;14;595;475;51;0;6.535;-383;826;2.394;0;7.187;
90;INTERPART                                             ;I;3;         ;12/1995;17.684;22;69;1.787;75;0;4.161;0;9.644;0;0;1.926;
91;FICRISA AXELRUD                                       ;I;3;2;12/1995;17.392;316;6.370;0;270;0;6.568;-798;3.615;581;0;470;
92;FINANSINOS                                            ;I;3;2;12/1995;16.261;125;3.373;37;311;0;10.672;-526;1.325;37;0;908;
93;OPERADOR                                              ;I;3;2;12/1995;16.219;5;1.589;6;88;0;2.815;2.412;428;1.781;0;7.093;
94;POTTENCIAL                                            ;I;3;         ;12/1995;14.316;26;1.903;554;323;0;10.922;-14;36;117;0;449;
95;TECNICORP                                             ;I;3;2;12/1995;12.903;118;587;6;155;0;7.245;-259;1.288;707;0;3.055;
96;MAXINVEST                                             ;I;3;         ;12/1995;12.415;54;1.998;2.337;166;0;1.968;-20;496;1;0;5.415;
97;AMERICAN EXPRES                                       ;I;4;2;12/1995;10.946;0;0;4.934;0;0;6.000;0;11;0;0;0;
98;OK                                                    ;I;3;2;12/1995;9.936;20;478;1.328;126;0;4.714;-278;6;7;0;3.535;
99;PERFORMANCE                                           ;I;3;         ;12/1995;8.394;5;2.028;1.406;0;0;30;0;1.103;2;0;3.818;
100;PORTO SEGURO                                          ;I;3;         ;12/1995;6.312;18;1.042;1.125;0;0;0;0;573;0;0;3.554;
101;DRACMA                                                ;I;3;         ;12/1995;6.203;30;57;0;220;0;3.257;-148;932;161;0;1.693;
102;BANCRED                                               ;I;3;2;12/1995;4.722;49;435;2;92;0;1.148;-25;312;91;0;2.619;
103;CRITERIUM                                             ;I;3;         ;12/1995;302.265;21;300.292;4;0;0;0;0;201;1;0;1.746;
104;TOTAL                                                 ;I;3;2;12/1995;2.902;5;1.374;163;0;0;0;0;212;0;0;1.148;
Total 5 Maiores Bancos (Consolidado Bancario II)            ;;;;;;61.772.340;713.151;4.726.684;4.758.024;16.530.686;1.567;12.306.138;-521.528;9.533.103;83.928;625.621;13.014.969;
% de Participacao 5 maiores Bancos (Consolidado Bancario II);;;;;;10,0%;7,0%;4,0%;5,0%;35,0%;0,0%;6,0%;12,0%;14,0%;2,0%;4,0%;29,0%;
Total demais Bancos (Consolidado Bancario II)               ;;;;;;41.321.306;185.311;16.852.859;6.199.517;1.297.402;311.241;9.431.315;-147.512;4.185.997;222.650;152.895;2.629.628;
Total Consolidado Bancario II ( 104  Instituicoes )         ;;;;;;103.093.646;898.462;21.579.543;10.957.541;17.828.088;312.808;21.737.453;-669.040;13.719.100;306.578;778.516;15.644.597;
% de Participacao Consolidado Bancario II                   ;;;;;;17,0%;9,0%;18,0%;12,0%;38,0%;41,0%;11,0%;15,0%;20,0%;7,0%;5,0%;35,0%;
Total Consolidado Bancario III ( 908  Instituicoes )        ;;;;;;1.174.940;90.443;30.840;166.915;21.996;0;774.973;-21.280;38.730;7.211;0;65.014;
% de Participacao Consolidado Bancario III                  ;;;;;;0,0%;1,0%;0,0%;0,0%;0,0%;0,0%;0,0%;0,0%;0,0%;0,0%;0,0%;0,0%;
Total Consolidado Nao Bancario ( 610  Instituicoes )        ;;;;;;31.184.579;55.186;15.511.296;1.316.158;942.372;202;3.521.749;-721.968;1.789.955;518.090;7.078.606;1.172.935;
% de Participacao Consolidado Nao Bancario                  ;;;;;;5,0%;1,0%;13,0%;1,0%;2,0%;0,0%;2,0%;16,0%;3,0%;12,0%;49,0%;3,0%;
Total do Sistema Financeiro Nacional                        ;;;;;;598.379.147;10.157.844;122.953.130;88.564.414;46.832.233;767.591;201.399.925;-4.493.058;69.197.129;4.208.049;14.326.105;44.465.673;
Fonte: Sisbacen
(*) Este grupo está subtraído do Imobilizado de Arrendamento
TD (Tipo de Documento): C - Conglomerado, I - Instituição Independente
TC (Tipo de Controle): 1 - Público Federal, 2 - Público Estadual, 3 - Privado Nacional, 4 - Privado Controle Estrangeiro, 5 - Privado Participação Estrangeira
Obs.: 1 - Excepcionalidades ao cumprimento de limites - Vide Relatório
      2 - Instituições líderes do conglomerado bancário não optante pela consolidação mensal de balancetes.
