50 Maiores Bancos e o Consolidado do Sistema Financeiro Nacional
RESULTADO DA INTERMEDIACAO FINANCEIRA
Data-base: Dezembro/1994;;;;;;;;;;;;;;Balancetes processados até: 31/08/2005

;;;;;;;;;;;;;;;Em R$ Mil
RESULTADO DA INTERMEDIACAO FINANCEIRA
Ranking;Instituições;TD;TC;Obs.;Data;Receitas de Intermediação Financeira;;;;;Despesas de Intermediação Financeira;;;;;Resultado
;;;;;Balancete;Operações de Créd.;Operações com Tít.;Operações com Instrum.;Operações de;Aplicações;Captações;Empréstimos;Arrendam.;Operações;Provisão;Bruto
;;;;;;e Arrend. Mercantil;Val. Mobiliários;Financ. Derivativos;Câmbio;Compulsórias;no Mercado;e Repasses;Mercantil;de Câmbio;para CL
1   ;BB                                                    ;I;1  ;2        ;12/1994;5.095.162;1.917.706;0;94.379;228.774;-4.290.727;-1.436.205;0;0;-424.237;1.184.852;
2   ;CEF                                                   ;I;1  ;         ;12/1994;6.717.995;1.952.739;0;0;1.075.787;-7.054.403;-1.657.705;0;0;158.891;1.193.304;
3   ;BANESPA                                               ;I;2  ;2        ;12/1994;3.274.865;1.477.016;0;24.307;67.973;-2.407.248;-1.367.243;-1.291;0;22.557;1.090.936;
4   ;BRADESCO                                              ;I;3  ;2        ;12/1994;1.917.052;844.880;0;99.319;242.076;-1.681.708;-172.879;-3.281;0;-282.148;963.311;
5   ;ITAU                                                  ;I;3  ;2        ;12/1994;1.384.524;581.185;0;19.135;184.486;-1.210.468;-108.900;0;0;-103.576;746.386;
6   ;BAMERINDUS                                            ;I;3  ;2        ;12/1994;1.476.780;589.255;0;37.623;210.018;-1.336.293;-261.832;-6.360;0;-55.766;653.425;
7   ;UNIBANCO                                              ;I;5  ;2        ;12/1994;992.310;617.562;0;48.608;56.759;-992.512;-154.164;-1.132;0;-100.682;466.749;
8   ;SAFRA                                                 ;I;3  ;2        ;12/1994;451.879;790.886;0;9.929;13.717;-736.809;-28.783;0;0;-57.712;443.107;
9   ;NOSSA CAIXA                                           ;I;2  ;         ;12/1994;1.086.285;-87.476;0;439;159.841;-857.453;-95.999;0;0;-12.319;193.318;
10  ;REAL                                                  ;I;3  ;2        ;12/1994;341.506;712.098;0;34.614;3.152;-630.960;-37.698;0;0;-8.137;414.575;
11  ;BCN                                                   ;I;3  ;2        ;12/1994;449.713;814.965;0;16.396;19.882;-901.597;-185.975;0;0;-21.458;191.926;
12  ;CREDIREAL                                             ;I;2  ;2        ;12/1994;135.511;154.664;0;2.067;4.416;-238.905;-20.688;0;0;-5.637;31.428;
13  ;BANRISUL                                              ;I;2  ;2        ;12/1994;312.940;430.856;0;2.742;11.368;-239.149;-272.629;0;0;-15.822;230.306;
14  ;BANERJ                                                ;I;2  ;2        ;12/1994;222.222;91.394;0;7.960;37.606;-499.742;-42.313;0;0;-65.622;-248.495;
15  ;BNB                                                   ;I;1  ;         ;12/1994;330.252;47.304;0;6.536;11.103;-96.476;-168.370;0;0;-24.669;105.680;
16  ;BANESTADO                                             ;I;2  ;2        ;12/1994;621.449;93.349;0;3.344;38.655;-357.127;-111.179;0;0;-52.948;235.543;
17  ;SUDAMERIS                                             ;I;4  ;2        ;12/1994;357.034;155.765;0;21.515;13.235;-242.037;-89.961;0;0;-26.908;188.643;
18  ;BFB                                                   ;I;4  ;2        ;12/1994;286.654;269.543;0;28.103;21.933;-237.161;-167.222;0;0;-42.941;158.909;
19  ;LLOYDSBANK                                            ;I;4  ;2        ;12/1994;99.088;388.015;0;0;0;-269.968;-37.864;0;-27.227;-17.994;134.050;
20  ;MERCAPAULO                                            ;I;3  ;2        ;12/1994;257.888;91.026;0;5.615;31.423;-241.069;-11.888;0;0;-3.471;129.524;
21  ;BOZANO SIMONSEN                                       ;I;5  ;2        ;12/1994;121.714;233.052;0;19.584;0;-159.425;-26.258;-2.763;0;-6.505;179.399;
22  ;BEMGE                                                 ;I;2  ;2        ;12/1994;193.895;281.901;0;1.034;11.826;-315.153;-16.672;0;0;-7.749;149.082;
23  ;AMERICA DO SUL                                        ;I;5  ;2        ;12/1994;269.028;44.498;0;14.585;33.101;-170.823;-47.038;0;0;-11.505;131.846;
24  ;BOAVISTA                                              ;I;3  ;2        ;12/1994;219.833;287.159;0;13.592;2.923;-371.207;-18.342;0;0;-26.687;107.271;
25  ;CITIBANK N.A.                                         ;I;4  ;2        ;12/1994;183.996;376.491;0;26.384;-1.573;-298.874;-72.965;0;0;-7.153;206.306;
26  ;MERIDIONAL                                            ;I;1  ;2        ;12/1994;354.129;81.872;0;5.542;16.554;-183.061;-25.787;0;0;-38.232;211.017;
27  ;BOSTON                                                ;I;4  ;2        ;12/1994;16.542;304.168;0;0;0;-129.652;-8.395;0;0;-65;182.598;
28  ;ABN AMRO                                              ;I;4  ;2        ;12/1994;260.750;68.303;0;764;0;-153.143;-19.134;0;0;-12.629;144.911;
29  ;BANDEIRANTES                                          ;I;3  ;2        ;12/1994;179.954;116.560;0;3.080;29.165;-197.380;-15.207;0;0;-12.707;103.465;
30  ;BANK OF BOSTON                                        ;I;4  ;2        ;12/1994;60.112;207.501;0;5.361;44;-224.822;-8.366;0;0;-5.240;34.590;
31  ;PACTUAL                                               ;I;3  ;2        ;12/1994;309;425.602;0;5.796;0;-136.558;-30.148;0;0;0;265.001;
32  ;BMB                                                   ;I;3  ;2        ;12/1994;201.237;48.218;0;353;6.846;-135.958;-7.212;0;0;-4.246;109.238;
33  ;BMC                                                   ;I;3  ;2        ;12/1994;164.610;77.463;0;0;39;-130.817;-51.716;0;-1.451;-7.858;50.270;
34  ;BANEB                                                 ;I;2  ;2        ;12/1994;203.502;128.800;0;1.903;22.970;-165.775;-79.885;0;0;-30.902;80.613;
35  ;EXCEL                                                 ;I;4  ;2        ;12/1994;135.191;117.635;0;990;0;-183.498;-14.443;-8.820;0;-7.543;39.512;
36  ;CHASE MANHATTAN                                       ;I;4  ;2        ;12/1994;6.123;131.961;0;18.819;2.548;-38.279;-6.218;0;0;507;115.461;
37  ;PONTUAL                                               ;I;3  ;2        ;12/1994;133.223;79.535;0;0;0;-102.645;-7.721;-2.410;-2.004;-4.358;93.620;
38  ;VOTORANTIM                                            ;I;3  ;         ;12/1994;9.260;182.528;0;863;0;-120.509;-31.994;0;0;-175;39.973;
39  ;DIBENS                                                ;I;3  ;2        ;12/1994;76.791;466.901;0;0;0;-487.918;-29.598;0;-7;-922;25.247;
40  ;RURALMINAS                                            ;I;3  ;2        ;12/1994;172.848;59.354;0;1.667;164;-121.195;-4.669;0;0;-38.755;69.414;
41  ;CREDIBANCO                                            ;I;5  ;2        ;12/1994;91.471;85.959;0;0;2.761;-53.406;-64.924;-4.630;-5.314;696;52.613;
42  ;BRB                                                   ;I;2  ;2        ;12/1994;170.763;73.844;0;410;5.611;-74.137;-52.140;0;0;-4.668;119.683;
43  ;BIC                                                   ;I;3  ;2        ;12/1994;146.459;36.349;0;3.970;0;-103.359;-6.144;0;0;-10.023;67.252;
44  ;VEGA                                                  ;I;3  ;2        ;12/1994;9.755;8.731;0;0;0;-12.668;0;0;0;571;6.389;
45  ;BANGERAL                                              ;I;3  ;2        ;12/1994;127.684;44.729;0;3.265;0;-103.814;-5.717;0;0;-2.537;63.610;
46  ;BESC                                                  ;I;2  ;2        ;12/1994;114.445;92.747;0;2.629;255;-81.549;-6.451;0;0;-4.074;118.002;
47  ;BMG                                                   ;I;3  ;2        ;12/1994;79.315;85.051;0;0;0;-129.628;-9.069;0;-137;-1.511;24.021;
48  ;GARANTIA                                              ;I;3  ;2        ;12/1994;53.896;164.128;0;0;0;-86.967;-30.771;0;0;0;100.286;
49  ;SOGERAL                                               ;I;5  ;2        ;12/1994;28.854;97.593;0;7.204;0;-50.368;-18.196;0;0;-1.951;63.136;
50  ;BASA                                                  ;I;1  ;         ;12/1994;74.942;56.885;0;5.812;1.730;-20.624;-66.558;0;0;616;52.803;
51  ;DEUTSCHE                                              ;I;4  ;         ;12/1994;8.832;51.911;0;12.059;0;-22.576;-7.144;0;0;255;43.337;
52  ;BANESTES                                              ;I;2  ;2        ;12/1994;150.096;22.468;0;2.199;11.994;-61.375;-18.475;0;0;-11.898;95.009;
53  ;BEC                                                   ;I;2  ;2        ;12/1994;100.249;20.059;0;865;9.312;-34.223;-32.638;0;0;-7.388;56.236;
54  ;MORGAN                                                ;I;4  ;2        ;12/1994;579;100.624;0;11.143;0;-39.278;-9.280;0;0;294;64.082;
55  ;FIBRA                                                 ;I;3  ;2        ;12/1994;50.007;115.780;0;1.854;0;-47.381;-9.490;0;0;-5.360;105.410;
56  ;BANDEPE                                               ;I;2  ;2        ;12/1994;89.009;17.773;0;273;10.173;-36.713;-6.449;0;0;-4.073;69.993;
57  ;ABC-ROMA                                              ;I;5  ;2        ;12/1994;39.593;58.441;0;4.601;0;-63.087;-9.579;0;0;140;30.109;
58  ;DEUTSCH                                               ;I;4  ;         ;12/1994;12.245;22.163;0;14.445;0;-6.485;-17.829;0;0;-1.268;23.271;
59  ;BNL                                                   ;I;4  ;2        ;12/1994;54.297;56.968;0;2.300;0;-49.610;-15.310;-64;0;-5.026;43.555;
60  ;CITIBANK                                              ;I;4  ;2        ;12/1994;10.235;147.678;0;0;4.785;-82.331;-42.551;0;0;-67;37.749;
61  ;NEDERLANDEN                                           ;I;4  ;         ;12/1994;1.937;89.898;0;3.129;0;-50.286;-4.649;0;0;451;40.480;
62  ;SUMITBANK                                             ;I;4  ;         ;12/1994;80.365;28.971;0;1.854;28;-10.872;-73.985;0;0;-186;26.175;
63  ;BMD                                                   ;I;3  ;2        ;12/1994;75.728;12.932;0;0;43;-41.925;-1.025;0;-398;-6.217;39.138;
64  ;BEG                                                   ;I;2  ;2        ;12/1994;66.652;26.651;0;2.684;2.391;-27.438;-1.751;0;0;-5.038;64.151;
65  ;CACIQUE                                               ;I;3  ;         ;12/1994;63.016;4.722;0;0;-120;-9.404;-1.404;0;-4.138;-14.008;38.664;
66  ;SRL                                                   ;I;5  ;         ;12/1994;12.562;52.039;0;2.321;0;-26.918;-315;0;0;11;39.700;
67  ;BEAL                                                  ;I;4  ;2        ;12/1994;3.846;44.143;0;11.868;0;-12.190;-5.119;0;0;-12;42.536;
68  ;AGRIMISA                                              ;I;3  ;2        ;12/1994;43.318;12.250;0;0;3;-20.692;-3.630;0;-4.953;-3.273;23.023;
69  ;SUL AMERICA                                           ;I;5  ;2        ;12/1994;6.505;29.227;0;52;0;-19.082;-3.860;0;0;145;12.987;
70  ;FININVEST                                             ;I;5  ;2        ;12/1994;22.750;24.725;0;0;0;-43.541;-372;0;-39;-346;3.177;
71  ;BANFORT                                               ;I;3  ;2        ;12/1994;59.613;8.229;0;165;0;-29.773;-951;0;0;-5.560;31.723;
72  ;MITSUBISHI                                            ;I;4  ;2        ;12/1994;2.605;26.590;0;1.871;249;-9.961;-2.897;0;0;3;18.460;
73  ;BEA                                                   ;I;2  ;2        ;12/1994;26.034;5.378;0;101;883;-7.724;-5.556;0;0;-3.966;15.150;
74  ;BANPARA                                               ;I;2  ;2        ;12/1994;48.488;7.671;0;230;2.173;-11.248;-17.363;0;0;-826;29.125;
75  ;PORTUGUES                                             ;I;4  ;         ;12/1994;2.825;15.649;0;4.904;0;-9.863;-3.151;0;0;263;10.627;
76  ;SANTOS                                                ;I;3  ;2        ;12/1994;5.383;7.193;0;0;0;-10.190;-60;0;-214;-241;1.871;
77  ;INVESTCRED                                            ;I;3  ;2        ;12/1994;60.332;2.827;0;0;0;-16.400;0;0;0;-2.927;43.832;
78  ;OMEGA                                                 ;I;3  ;2        ;12/1994;17.149;46.927;0;0;0;-59.283;-723;-367;-284;-5.314;-1.895;
79  ;CREDITO SP                                            ;I;3  ;2        ;12/1994;52.018;14.626;0;3;0;-27.517;-674;0;0;-7.803;30.653;
80  ;SOFISA                                                ;I;3  ;2        ;12/1994;24.461;6.035;0;0;0;-13.234;-1;0;-171;-760;16.330;
81  ;PRODUBAN                                              ;I;2  ;2        ;12/1994;26.780;2.173;0;153;3.688;-11.541;-5.649;0;0;-421;15.183;
82  ;BEM                                                   ;I;2  ;2        ;12/1994;27.088;6.615;0;7;1.218;-7.478;-2.693;0;0;-1.813;22.944;
83  ;PANAMERICANO                                          ;I;3  ;2        ;12/1994;40.304;4.744;0;150;0;-20.080;-119;0;0;-3.294;21.705;
84  ;BANESE                                                ;I;2  ;         ;12/1994;20.548;6.208;0;12;3.101;-13.163;-1.580;0;0;974;16.100;
85  ;AGF                                                   ;I;5  ;         ;12/1994;4.268;15.281;0;12;0;-15.861;-55;0;0;-1;3.644;
86  ;BBC                                                   ;I;3  ;2        ;12/1994;18.850;7.537;0;115;564;-13.339;-526;0;0;-256;12.945;
87  ;BANSANDER                                             ;I;4  ;         ;12/1994;0;40.132;0;0;0;-20.960;0;0;-682;0;18.490;
88  ;SCHAHIN CURY                                          ;I;3  ;2        ;12/1994;13.444;7.414;0;0;0;-12.663;-354;-578;-252;-1.602;5.409;
89  ;FINANCIAL                                             ;I;4  ;         ;12/1994;1.528;2.360;0;2.286;0;-353;-1.682;0;0;75;4.214;
90  ;TRIANGULO                                             ;I;3  ;         ;12/1994;29.928;11.125;0;0;0;-21.658;0;0;0;-471;18.924;
91  ;CONTINENTAL                                           ;I;5  ;2        ;12/1994;1.162;13.307;0;0;0;-3.004;-1.723;0;-694;33;9.081;
92  ;PEBB                                                  ;I;3  ;2        ;12/1994;4.663;19.483;0;0;0;-8.343;0;0;-2;0;15.801;
93  ;UNION                                                 ;I;4  ;         ;12/1994;14.709;2.899;0;97;0;-9.193;-982;0;0;-1.135;6.395;
94  ;PARAIBAN                                              ;I;2  ;         ;12/1994;667;5.361;0;0;12;-1.373;-239;0;0;-15;4.413;
95  ;BRASCAN                                               ;I;5  ;2        ;12/1994;4.465;24.504;0;0;0;-6.410;-146;0;-50;-272;22.091;
96  ;CREDIBEL                                              ;I;3  ;         ;12/1994;9.769;4.875;0;0;0;-8.558;0;0;-1;-685;5.400;
97  ;ARAUCARIA                                             ;I;3  ;2        ;12/1994;5.638;5.321;0;52;0;-7.871;-136;0;0;-24;2.980;
98  ;BEMAT                                                 ;I;2  ;         ;12/1994;9.238;6.110;0;15;0;-1.250;-1.429;-41;0;-3.712;8.931;
99  ;VR                                                    ;I;3  ;2        ;12/1994;1.885;12.622;0;0;0;-10.944;0;0;0;0;3.563;
100 ;DAYCOVAL                                              ;I;3  ;2        ;12/1994;11.871;2.772;0;0;0;-7.345;-477;0;-8;-875;5.938;
101 ;LAVRA                                                 ;I;3  ;2        ;12/1994;6.953;2.095;0;208;0;-5.744;-42;0;0;-185;3.285;
102 ;BFC                                                   ;I;3  ;2        ;12/1994;9.343;14.961;0;0;0;-20.562;-517;0;0;-102;3.123;
103 ;HISPANO                                               ;I;4  ;         ;12/1994;4.530;318;0;590;0;-1.148;-410;0;0;-4.189;-309;
104 ;INTERUNION                                            ;I;3  ;2        ;12/1994;1.273;12.814;0;0;0;-14.828;-368;0;0;-125;-1.234;
105 ;GUANABARA                                             ;I;3  ;         ;12/1994;10.257;4.211;0;0;0;-7.129;-2.280;0;0;-398;4.661;
106 ;INTERCAP                                              ;I;3  ;2        ;12/1994;2.919;7.756;0;0;0;-9.738;0;0;0;-541;396;
107 ;PARANA                                                ;I;3  ;2        ;12/1994;14.001;1.196;0;18;0;-6.044;-19;0;0;-1.266;7.886;
108 ;PROSPER                                               ;I;3  ;2        ;12/1994;1.162;12.136;0;0;0;-10.614;-206;0;0;-591;1.887;
109 ;PECUNIA                                               ;I;3  ;2        ;12/1994;22.558;2.076;0;0;0;-4.937;0;0;0;-5.073;14.624;
110 ;BEPI                                                  ;I;2  ;         ;12/1994;8.452;1.788;0;0;404;-130;-333;0;0;-210;9.971;
111 ;INDUSTRIAL                                            ;I;5  ;2        ;12/1994;5.109;7.254;0;5;0;-7.335;0;0;0;0;5.033;
112 ;AGROINVEST                                            ;I;5  ;2        ;12/1994;4.745;6.417;0;0;0;-9.476;-68;0;0;-175;1.443;
113 ;BIG                                                   ;I;3  ;2        ;12/1994;10.641;2.013;0;0;0;-8.682;-84;0;0;-1.614;2.274;
114 ;BANCOPAR                                              ;I;4  ;         ;12/1994;29;816;0;0;0;-555;0;0;-219;0;71;
115 ;BRASIRAQ                                              ;I;5  ;2        ;12/1994;3.586;281;0;628;3;-1.319;-295;0;0;0;2.884;
116 ;PRIMUS                                                ;I;3  ;2        ;12/1994;-140;5.167;0;40;0;-3.528;-125;0;0;0;1.414;
117 ;LA PROVINCIA                                          ;I;4  ;         ;12/1994;2.324;126;0;553;0;-185;-706;0;0;-1.911;201;
118 ;UNIVERSAL                                             ;I;3  ;2        ;12/1994;6.351;391;0;0;0;-3.663;0;0;0;-62;3.017;
119 ;MAPPIN                                                ;I;3  ;2        ;12/1994;5;8.739;0;0;0;-7.515;0;0;-7;0;1.222;
120 ;LUSO BRASILEIRO                                       ;I;3  ;         ;12/1994;5.951;3.608;0;0;0;-6.138;-430;0;0;-28;2.963;
121 ;COMERCIAL SP                                          ;I;3  ;         ;12/1994;6.785;957;0;0;0;-3.288;0;0;0;-620;3.834;
122 ;FICSA                                                 ;I;3  ;2        ;12/1994;12.566;1.348;0;0;0;-3.858;0;0;0;-2.044;8.012;
123 ;BANER                                                 ;I;2  ;         ;12/1994;1.842;611;0;0;57;-73;-376;0;0;-67;1.994;
124 ;SEGMENTO                                              ;I;3  ;2        ;12/1994;1.567;1.305;0;0;0;-2.421;-8;0;0;-15;428;
125 ;RENNER                                                ;I;3  ;         ;12/1994;9.569;458;0;0;0;-2.465;0;0;0;-946;6.616;
126 ;EMPRESARIAL                                           ;I;3  ;2        ;12/1994;5.946;279;0;0;0;-1.734;0;0;0;-598;3.893;
127 ;PLANIBANC                                             ;I;5  ;2        ;12/1994;1;4.417;0;0;0;-3.806;0;0;0;0;612;
128 ;SAO JORGE                                             ;I;3  ;         ;12/1994;3.314;270;0;0;0;-1.341;-193;0;0;-61;1.989;
129 ;OPEN                                                  ;I;3  ;2        ;12/1994;3.139;24.915;0;0;0;-25.587;-958;0;0;-989;520;
130 ;INTERIOR                                              ;I;3  ;         ;12/1994;6.093;994;0;0;0;-2.641;0;0;0;-38;4.408;
131 ;BANAP                                                 ;I;2  ;         ;12/1994;988;1.361;0;0;0;-841;0;0;0;-451;1.057;
132 ;MATONE                                                ;I;3  ;2        ;12/1994;3.803;454;0;0;0;-2.525;0;0;0;-110;1.622;
133 ;BANCNACION                                            ;I;4  ;         ;12/1994;934;1.092;0;313;0;-2.876;0;0;0;-10;-547;
134 ;LA REPUBLICA                                          ;I;4  ;         ;12/1994;1.381;445;0;243;0;0;-22;0;0;-366;1.681;
135 ;CEDULA                                                ;I;3  ;2        ;12/1994;2.159;614;0;0;0;-524;0;0;0;-177;2.072;
136 ;CRUZEIRO                                              ;I;3  ;2        ;12/1994;1.404;830;0;0;0;-615;0;0;0;-5;1.614;
137 ;SANTOS NEVES                                          ;I;3  ;2        ;12/1994;1.089;205;0;0;0;-588;0;0;-2;-105;599;
138 ;CLASSICO                                              ;I;3  ;         ;12/1994;733;4.396;0;0;0;-1.839;0;0;0;0;3.290;
139 ;PONTO 3                                               ;I;3  ;         ;12/1994;32;5.173;0;0;0;-5.065;0;0;0;0;140;
140 ;FATOR                                                 ;I;3  ;2        ;12/1994;0;1.043;0;0;0;-695;0;0;0;0;348;
141 ;POTTENCIAL                                            ;I;3  ;         ;12/1994;326;2.299;0;0;0;-278;0;0;0;0;2.347;
142 ;GERDAU                                                ;I;3  ;2        ;12/1994;17;1.065;0;0;0;-51;0;0;0;0;1.031;
143 ;PREMIER                                               ;I;3  ;         ;12/1994;946;719;0;0;0;-463;0;0;0;0;1.202;
144 ;CREDIPLAN                                             ;I;3  ;         ;12/1994;1.735;149;0;0;0;-865;0;0;0;-175;844;
145 ;BANCIONAL                                             ;I;3  ;2        ;12/1994;76;160;0;0;0;0;0;0;0;-5;231;
146 ;EXTERIBANK                                            ;I;4  ;         ;12/1994;82;68;0;42;0;-12;-108;0;0;0;72;
Total 50 Maiores Bancos (Consolidado Bancario I)            ;;;;;;29.671.740;16.398.250;0;606.238;2.567.168;-29.065.024;-7.211.235;-30.687;-36.140;-1.386.204;11.514.106;
% de Participacao 50 maiores Bancos (Consolidado Bancario I);;;;;;70,0%;56,0%;0,0%;71,1%;82,0%;67,5%;62,8%;1,2%;50,8%;64,3%;70,9%;
Total demais Bancos (Consolidado Bancario I)                ;;;;;;1.624.110;1.431.181;0;84.460;50.961;-1.295.708;-321.569;-1.050;-12.114;-126.741;1.433.530;
Total Consolidado Bancario I ( 146  Instituicoes )          ;;;;;;31.295.850;17.829.431;0;690.698;2.618.129;-30.360.732;-7.532.804;-31.737;-48.254;-1.512.945;12.947.636;
% de Participacao Consolidado Bancario I                    ;;;;;;73,9%;60,9%;0,0%;81,0%;83,7%;70,5%;65,5%;1,2%;67,8%;70,2%;79,7%;
1   ;BNDES                                                 ;I;1  ;         ;12/1994;1.693.106;191.261;0;582;0;-184.816;-1.821.154;0;0;-98.761;-219.782;
2   ;NACIONAL                                              ;I;3  ;2        ;12/1994;1.499.876;639.097;0;24.055;66.622;-1.217.950;-137.319;0;0;-82.870;791.511;
3   ;ECONOMICO                                             ;I;3  ;2        ;12/1994;839.440;256.455;0;7.649;75.212;-745.935;-251.504;0;0;-55.039;126.278;
4   ;NACIONAL                                              ;I;3  ;2        ;12/1994;21.378;922.896;0;0;0;-875.773;-17.193;-675;0;-5.912;44.721;
5   ;GARANTIA                                              ;I;3  ;2        ;12/1994;-40.134;495.387;0;22.545;0;-213.264;-5.522;0;0;1;259.013;
6   ;MULTIPLIC                                             ;I;5  ;2        ;12/1994;212.463;204.762;0;0;14.840;-402.165;-60.245;0;-7.399;-6.019;-43.763;
7   ;NOROESTE                                              ;I;3  ;2        ;12/1994;237.919;226.023;0;32.745;29.603;-287.240;-30.910;0;0;-18.607;189.533;
8   ;BAHIA                                                 ;I;3  ;2        ;12/1994;-25.207;217.481;0;27.422;0;-132.788;-8.860;0;0;-15.171;62.877;
9   ;BANORTE                                               ;I;3  ;2        ;12/1994;289.967;45.634;0;7.291;27.593;-172.007;-118.405;0;0;-7.977;72.096;
10  ;BANCOCIDADE                                           ;I;5  ;2        ;12/1994;141.422;75.934;0;2.629;11.442;-104.996;-19.679;0;0;-27.959;78.793;
11  ;BISA                                                  ;I;3  ;2        ;12/1994;105.164;90.482;0;0;128;-90.440;-19.730;0;-4.150;-3.770;77.684;
12  ;NORCHEM                                               ;I;5  ;2        ;12/1994;2.201;296.055;0;3.231;0;-129.449;-65.498;0;0;3.638;110.178;
13  ;CCF BRASIL                                            ;I;4  ;2        ;12/1994;18.746;261.697;0;3.742;43;-137.730;-12.278;-1.062;0;-1.259;131.899;
14  ;REAL                                                  ;I;3  ;2        ;12/1994;50.136;103.340;0;0;1.431;-121.705;-9.083;0;0;-1.897;22.222;
15  ;ICATU                                                 ;I;3  ;         ;12/1994;36.535;284.149;0;0;0;-159.774;-7.228;0;-3.297;-192;150.193;
16  ;BCN BARCLAYS                                          ;I;3  ;2        ;12/1994;29.701;115.545;0;4.222;0;-61.452;-40.189;0;0;-2.220;45.607;
17  ;BRDE                                                  ;I;2  ;         ;12/1994;261.952;25.677;0;0;0;-116;-159.948;-226;0;-5.615;121.724;
18  ;BDMG                                                  ;I;2  ;         ;12/1994;99.431;35.704;0;0;0;-26.468;-57.110;-176;0;-5.063;46.318;
19  ;FIAT                                                  ;I;4  ;2        ;12/1994;103.593;41.072;0;1.731;0;-81.856;-1.318;0;0;-6.568;56.654;
20  ;BB                                                    ;I;3  ;2        ;12/1994;13.058;82.770;0;0;797;-7.442;-118;0;0;-2.895;86.170;
21  ;INTER-ATLANTICO                                       ;I;5  ;2        ;12/1994;22.613;54.778;0;5.752;0;-46.869;-5.942;-399;0;517;30.450;
22  ;AUTOLATINA                                            ;I;4  ;2        ;12/1994;115.512;2.591;0;0;0;-75.429;-308;0;0;-2.062;40.304;
23  ;GENERAL MOTORS                                        ;I;4  ;2        ;12/1994;125.671;6.816;0;339;0;-89.303;-71;0;0;-1.066;42.386;
24  ;LLOYDS                                                ;I;4  ;2        ;12/1994;20.582;77.746;0;0;0;-80.499;-182;0;0;-1.456;16.191;
25  ;DESENBANCO                                            ;I;2  ;         ;12/1994;69.061;596;0;0;0;-2.762;-39.540;0;0;-6.036;21.319;
26  ;PROGRESSO                                             ;I;3  ;2        ;12/1994;71.112;16.381;0;65;1.495;-53.361;-4.258;0;0;-6.888;24.546;
27  ;LIBERAL                                               ;I;3  ;2        ;12/1994;564;12.634;0;421;0;-10.838;-328;0;0;-1;2.452;
28  ;TOKYO                                                 ;I;4  ;2        ;12/1994;27.407;9.260;0;7.340;78;-17.984;-4.269;0;0;-54;21.778;
29  ;CREFISUL                                              ;I;5  ;2        ;12/1994;32.768;26.502;0;951;3.374;-45.996;-3.496;0;0;62;14.165;
30  ;MERCANTIL                                             ;I;3  ;2        ;12/1994;67.174;10.209;0;847;916;-43.193;-3.244;0;0;-2.209;30.500;
31  ;BANCESA                                               ;I;3  ;2        ;12/1994;31.271;19.868;0;0;0;-42.358;-3.062;-25;-1.040;-32.111;-27.457;
32  ;BADESC                                                ;I;2  ;         ;12/1994;53.489;1.422;0;0;0;0;-37.648;0;0;-3.934;13.329;
33  ;MATRIX                                                ;I;3  ;2        ;12/1994;-9.115;54.908;0;0;0;-26.782;0;0;-3.213;0;15.798;
34  ;CINDAM                                                ;I;3  ;2        ;12/1994;584;31.073;0;0;0;-26.234;-1.362;0;-115;0;3.946;
35  ;BRASEG                                                ;I;5  ;         ;12/1994;1.211;59.256;0;899;0;-42.556;-3.339;0;0;-49;15.422;
36  ;MULTI                                                 ;I;4  ;2        ;12/1994;3.011;10.402;0;0;0;-5.791;-2.204;0;-47;24;5.395;
37  ;FLEMING GRAPHUS                                       ;I;3  ;2        ;12/1994;2.299;11.579;0;105;0;-9.239;-959;0;0;-93;3.692;
38  ;FENICIA                                               ;I;3  ;2        ;12/1994;37.067;11.417;0;325;0;-16.642;-1.700;0;0;-405;30.062;
39  ;BANQUEIROZ                                            ;I;3  ;2        ;12/1994;38.029;5.682;0;1.162;270;-25.198;-1.946;0;0;-3.546;14.453;
40  ;MARKA                                                 ;I;3  ;         ;12/1994;6.245;39.085;0;0;0;-41.959;-55;0;-11;-812;2.493;
41  ;DIMENSAO                                              ;I;3  ;2        ;12/1994;694;8.594;0;0;0;-4.264;-418;0;-3.028;9;1.587;
42  ;ARBI                                                  ;I;3  ;2        ;12/1994;22.167;8.756;0;0;0;-23.399;-841;0;-164;-646;5.873;
43  ;BRJ                                                   ;I;3  ;         ;12/1994;19.155;3.579;0;1;9.845;-680;-31.696;0;0;-1.796;-1.592;
44  ;FINASA                                                ;I;3  ;2        ;12/1994;2.693;11.725;0;0;0;-3.533;-494;0;0;-19;10.372;
45  ;BANDES                                                ;I;2  ;2        ;12/1994;23.710;4.281;0;0;0;-1.315;-18.373;0;0;-1.110;7.193;
46  ;MARTINELLI                                            ;I;3  ;2        ;12/1994;46.980;10.775;0;0;4;-25.137;-2.582;0;-40;-6.066;23.934;
47  ;TRANSBANCO                                            ;I;3  ;2        ;12/1994;9.055;3.662;0;0;0;-1.409;-4.139;0;0;-5;7.164;
48  ;BERON                                                 ;I;2  ;         ;12/1994;23.789;6.774;0;8;282;-11.770;-1.819;0;0;-3.344;13.920;
49  ;GULFINVEST                                            ;I;5  ;2        ;12/1994;9.320;43.916;0;1.899;0;-37.680;-166;0;0;1.111;18.400;
50  ;RENDIMENTO                                            ;I;3  ;2        ;12/1994;15.138;17.219;0;539;0;-21.342;-16;0;0;-622;10.916;
51  ;PATENTE                                               ;I;3  ;2        ;12/1994;1.198;353.245;0;68;0;-344.243;-318;0;0;0;9.950;
52  ;TENDENCIA                                             ;I;3  ;2        ;12/1994;323;17.005;0;222;0;-13.437;-1;0;0;0;4.112;
53  ;INDUSVAL                                              ;I;3  ;2        ;12/1994;12.889;224;0;601;0;-5.242;-628;0;0;0;7.844;
54  ;IOCHPE                                                ;I;3  ;         ;12/1994;26.046;2.907;0;0;0;-17.053;-270;0;-3;-494;11.133;
55  ;BAHIA                                                 ;I;3  ;2        ;12/1994;-4.133;22.037;0;0;0;-9.572;-40;0;0;-8;8.284;
56  ;BMC                                                   ;I;3  ;2        ;12/1994;371;16.761;0;0;145;-223;-43;0;0;11;17.022;
57  ;PORTO REAL                                            ;I;3  ;         ;12/1994;8.896;977;0;0;711;-5.102;0;0;0;-97;5.385;
58  ;BCR                                                   ;I;3  ;2        ;12/1994;13.469;6.178;0;7;28;-14.115;-125;0;0;-1.436;4.006;
59  ;J.P.MORGAN                                            ;I;4  ;2        ;12/1994;0;4.062;0;0;0;-3.829;0;0;0;-7;226;
60  ;EUROINVEST                                            ;I;5  ;2        ;12/1994;5.433;8.082;0;0;0;-9.286;-5.291;0;0;-1.162;-2.224;
61  ;FINANCEIRO IND.                                       ;I;3  ;2        ;12/1994;5.373;9.417;0;0;0;-994;-3.809;0;0;-7.291;2.696;
62  ;BANACRE                                               ;I;2  ;         ;12/1994;7.859;3.183;0;0;74;-3.555;-89;0;0;1.245;8.717;
63  ;OPERADOR                                              ;I;3  ;2        ;12/1994;17.939;2.872;0;0;0;-9.583;-69;0;-15;-10.382;762;
64  ;BATTISTELLA                                           ;I;3  ;         ;12/1994;14.348;303;0;0;0;-1.197;-7.686;0;0;-706;5.062;
65  ;INVESTCORP                                            ;I;3  ;2        ;12/1994;6.869;21.424;0;0;0;-34.716;0;0;0;-2.805;-9.228;
66  ;METROPOLITANO                                         ;I;5  ;         ;12/1994;9.018;135.174;0;0;0;-137.048;-470;0;0;-1.479;5.195;
67  ;BOREAL                                                ;I;3  ;2        ;12/1994;85;10.005;0;0;0;-5.506;0;0;0;0;4.584;
68  ;AUGUSTA 251                                           ;I;3  ;2        ;12/1994;558;5.392;0;0;0;-311;-3.666;0;0;-88;1.885;
69  ;MERCANTIL                                             ;I;3  ;2        ;12/1994;6.507;1.347;0;0;0;-755;-621;0;0;-109;6.369;
70  ;BM&S                                                  ;I;3  ;2        ;12/1994;12.644;1.043;0;0;0;-7.738;-327;0;0;-390;5.232;
71  ;BANDEIRANTES                                          ;I;3  ;2        ;12/1994;820;4.909;0;0;0;-2.831;-733;0;0;-98;2.067;
72  ;FITAL                                                 ;I;3  ;         ;12/1994;0;7.495;0;0;0;-6.063;0;0;0;0;1.432;
73  ;ROSA                                                  ;I;3  ;2        ;12/1994;6.704;4.384;0;0;1;-6.915;0;0;0;-64;4.110;
74  ;FONTE                                                 ;I;3  ;2        ;12/1994;27;10.756;0;122;0;-8.465;-57;0;0;0;2.383;
75  ;PLANIBANC                                             ;I;3  ;2        ;12/1994;63;4.903;0;0;268;-2.888;-151;0;-192;1;2.004;
76  ;STOCK                                                 ;I;3  ;2        ;12/1994;1.801;211.430;0;0;0;-211.768;0;0;0;0;1.463;
77  ;MIL                                                   ;I;3  ;2        ;12/1994;10.186;965;0;20;0;-4.384;-20;0;0;-383;6.384;
78  ;PAULISTA                                              ;I;3  ;2        ;12/1994;5.096;3.052;0;64;0;-4.696;-248;0;0;-175;3.093;
79  ;BFI                                                   ;I;5  ;2        ;12/1994;6.783;657;0;199;0;-3.261;-24;0;0;-24;4.330;
80  ;BFB                                                   ;I;3  ;         ;12/1994;3.852;4.395;0;0;0;0;-3.668;0;0;-2.483;2.096;
81  ;OURINVEST                                             ;I;3  ;2        ;12/1994;2.436;2.224;0;500;0;-1.079;-235;0;0;0;3.846;
82  ;VARIG                                                 ;I;3  ;2        ;12/1994;2.263;5.848;0;111;-64;-10.035;-54;0;0;-807;-2.738;
83  ;UNITED                                                ;I;3  ;2        ;12/1994;0;1.774;0;0;11;-138;0;0;0;0;1.647;
84  ;D'EL REY                                              ;I;3  ;2        ;12/1994;0;3.382;0;0;0;-2.394;0;0;0;0;988;
85  ;VETOR                                                 ;I;3  ;2        ;12/1994;1.416;3.041;0;0;0;-5.452;0;0;0;17;-978;
86  ;STERLING                                              ;I;5  ;         ;12/1994;4.054;1.418;0;0;0;-2.714;-117;0;0;-1.320;1.321;
87  ;BCO HKB                                               ;I;5  ;         ;12/1994;4.789;1.708;0;0;0;-3.914;0;0;0;-81;2.502;
88  ;PATRIMONIO                                            ;I;3  ;         ;12/1994;0;1.474;0;0;0;-392;0;0;0;0;1.082;
89  ;TRICURY                                               ;I;3  ;         ;12/1994;3.118;2.040;0;0;0;-2.704;0;0;0;-313;2.141;
90  ;PRIME                                                 ;I;3  ;2        ;12/1994;559;1.575;0;0;0;-1.629;-22;0;0;-333;150;
91  ;EXPRINTER LOSAN                                       ;I;5  ;2        ;12/1994;48;3.016;0;0;0;-149;0;0;0;0;2.915;
92  ;DESTAK                                                ;I;3  ;         ;12/1994;0;17.543;0;0;0;-16.686;0;0;0;0;857;
93  ;FICRISA AXELRUD                                       ;I;3  ;2        ;12/1994;5.197;245;0;0;0;-594;-110;0;0;-1.177;3.561;
94  ;RURAL                                                 ;I;3  ;2        ;12/1994;0;1.071;0;0;0;0;0;0;0;0;1.071;
95  ;DRACMA                                                ;I;3  ;         ;12/1994;3.130;4.972;0;0;0;-6.675;0;0;0;-401;1.026;
96  ;INTERFINANCE                                          ;I;3  ;2        ;12/1994;489;2.624;0;0;3;-2.102;0;0;-1;0;1.013;
97  ;INVESTOR                                              ;I;3  ;2        ;12/1994;1.059;12.075;0;0;0;-11.911;0;0;0;-10;1.213;
98  ;MISASI                                                ;I;3  ;2        ;12/1994;856;714;0;0;0;-844;0;0;0;0;726;
99  ;MALCON                                                ;I;3  ;2        ;12/1994;3.073;441;0;0;0;-476;0;0;0;-49;2.989;
100 ;CAMBIAL                                               ;I;3  ;2        ;12/1994;312;2.910;0;0;0;-2.448;0;0;0;0;774;
101 ;MAXINVEST                                             ;I;3  ;         ;12/1994;2.371;123;0;0;0;-168;0;0;0;-130;2.196;
102 ;DIVISA                                                ;I;3  ;         ;12/1994;1.210;6.011;0;0;0;-6.134;0;0;0;-725;362;
103 ;NACOES                                                ;I;3  ;         ;12/1994;443;18.848;0;0;0;-18.046;0;0;0;-27;1.218;
104 ;FINANSINOS                                            ;I;3  ;2        ;12/1994;3.335;140;0;0;0;-534;0;0;0;-104;2.837;
105 ;PERFORMANCE                                           ;I;3  ;         ;12/1994;0;2.346;0;0;0;-1.726;0;0;0;0;620;
106 ;INTERPART                                             ;I;3  ;         ;12/1994;310;257;0;0;0;-97;0;0;0;-194;276;
107 ;TECNICORP                                             ;I;3  ;2        ;12/1994;1.792;246;0;0;0;-457;0;0;0;-89;1.492;
108 ;BANCRED                                               ;I;3  ;2        ;12/1994;821;650;0;5;0;-337;0;0;0;-134;1.005;
109 ;OK                                                    ;I;3  ;2        ;12/1994;1.672;81;0;0;0;-28;0;0;0;-32;1.693;
110 ;AMERICAN EXPRES                                       ;I;4  ;2        ;12/1994;77;26;0;0;0;0;0;0;0;0;103;
111 ;PORTO SEGURO                                          ;I;3  ;         ;12/1994;0;436;0;0;0;-19;0;0;0;0;417;
112 ;INTERPACIFICO                                         ;I;3  ;         ;12/1994;355;1.016;0;0;-2;0;0;0;0;0;1.369;
113 ;DIGIBANCO                                             ;I;3  ;2        ;12/1994;159;875;0;0;0;0;0;0;0;-239;795;
114 ;INDUSCRED                                             ;I;3  ;2        ;12/1994;946;134;0;0;5;-131;0;0;0;-112;842;
115 ;TOTAL                                                 ;I;3  ;2        ;12/1994;442;5.563;0;0;0;-5.978;0;0;0;0;27;
116 ;CRITERIUM                                             ;I;3  ;         ;12/1994;0;14.377;0;0;2;-13.939;0;0;0;0;440;
117 ;APLICAP                                               ;I;3  ;2        ;12/1994;0;300.611;0;0;0;-299.794;0;0;0;0;817;
Total 5 Maiores Bancos (Consolidado Bancario II)            ;;;;;;4.013.666;2.505.096;0;54.831;141.834;-3.237.738;-2.232.692;-675;0;-242.581;1.001.741;
% de Participacao 5 maiores Bancos (Consolidado Bancario II);;;;;;9,5%;8,6%;0,0%;6,4%;4,5%;7,5%;19,4%;0,0%;0,0%;11,3%;6,2%;
Total demais Bancos (Consolidado Bancario II)               ;;;;;;2.694.093;3.984.230;0;105.585;103.323;-4.043.650;-813.948;-1.888;-22.715;-208.865;1.796.165;
Total Consolidado Bancario II ( 117  Instituicoes )         ;;;;;;6.707.759;6.489.326;0;160.416;245.157;-7.281.388;-3.046.640;-2.563;-22.715;-451.446;2.797.906;
% de Participacao Consolidado Bancario II                   ;;;;;;15,8%;22,2%;0,0%;18,8%;7,8%;16,9%;26,5%;0,1%;31,9%;20,9%;17,2%;
Total Consolidado Bancario III ( 899  Instituicoes )        ;;;;;;140.006;22.385;0;0;260;-22.949;-35.754;0;0;-12.039;91.909;
% de Participacao Consolidado Bancario III                  ;;;;;;0,3%;0,1%;0,0%;0,0%;0,0%;0,1%;0,3%;0,0%;0,0%;0,6%;0,6%;
Total Consolidado Nao Bancario ( 759  Instituicoes )        ;;;;;;4.220.962;4.934.549;0;1.487;265.759;-5.418.193;-877.538;-2.541.301;-241;-179.871;405.613;
% de Participacao Consolidado Nao Bancario                  ;;;;;;10,0%;16,9%;0,0%;0,2%;8,5%;12,6%;7,6%;98,7%;0,3%;8,3%;2,5%;
Total do Sistema Financeiro Nacional                        ;;;;;;42.364.577;29.275.691;0;852.601;3.129.305;-43.083.262;-11.492.736;-2.575.601;-71.210;-2.156.301;16.243.064;
Fonte: Sisbacen
TD (Tipo de Documento): C - Conglomerado, I - Instituição Independente
TC (Tipo de Controle): 1 - Público Federal, 2 - Público Estadual, 3 - Privado Nacional, 4 - Privado Controle Estrangeiro, 5 - Privado Participação Estrangeira
Obs.: 1 - Excepcionalidades ao cumprimento de limites - Vide Relatório
      2 - Instituições líderes do conglomerado bancário não optante pela consolidação mensal de balancetes.
