50 Maiores Bancos e o Consolidado do Sistema Financeiro Nacional
RESULTADO DA INTERMEDIACAO FINANCEIRA
Data-base: Dezembro/1999;;;;;;;;;;;;;;Balancetes processados até: 21/12/2005

;;;;;;;;;;;;;;;Em R$ Mil
RESULTADO DA INTERMEDIACAO FINANCEIRA
Ranking;Instituições;TD;TC;Obs.;Data;Receitas de Intermediação Financeira;;;;;Despesas de Intermediação Financeira;;;;;Resultado
;;;;;Balancete;Operações de Créd.;Operações com Tít.;Operações com Instrum.;Operações de;Aplicações;Captações;Empréstimos;Arrendam.;Operações;Provisão;Bruto
;;;;;;e Arrend. Mercantil;Val. Mobiliários;Financ. Derivativos;Câmbio;Compulsórias;no Mercado;e Repasses;Mercantil;de Câmbio;para CL
1;BB                                                    ;C;1;1;12/1999;4.333.826;5.374.875;-199.613;866.111;84.724;-4.282.238;-2.390.237;-126.746;0;-1.857.736;1.802.966;
2;CEF                                                   ;I;1;1;12/1999;6.922.229;1.186.834;-20.831;64;769.935;-3.341.097;-2.440.720;0;0;-277.115;2.799.299;
3;BRADESCO                                              ;C;3;         ;12/1999;4.400.741;1.526.517;37.409;447.017;123.724;-2.265.266;-1.022.635;-687.028;0;-967.924;1.592.555;
4;ITAU                                                  ;C;3;         ;12/1999;1.899.392;1.255.837;67.119;78.131;102.231;-1.205.732;-222.571;-204.664;0;-194.847;1.574.896;
5;UNIBANCO                                              ;C;5;         ;12/1999;2.687.331;767.500;-27.415;722.613;22.398;-954.836;-1.581.900;-291.317;0;-274.170;1.070.204;
6;BANESPA                                               ;C;1;         ;12/1999;874.855;1.722.991;-2.114;37.685;19.302;-709.711;-51.050;-55.386;0;27.116;1.863.688;
7;ABN AMRO                                              ;C;4;         ;12/1999;1.949.834;382.443;33.642;172.533;25.486;-637.300;-271.575;-503.691;0;-129.618;1.021.754;
8;SAFRA                                                 ;C;3;1;12/1999;796.492;671.472;-15.147;52.668;4.158;-623.008;-183.737;-295.185;0;-45.766;361.947;
9;NOSSA CAIXA                                           ;I;2;         ;12/1999;297.781;618.422;5.390;1.053;37.730;-709.471;-6.468;0;0;-10.455;233.982;
10;BANKBOSTON                                            ;C;4;         ;12/1999;569.848;1.139.213;-198.348;369.541;4.982;-671.843;-562.068;-70.246;0;-29.180;551.899;
11;SANTANDER BRASIL                                     ;C;4;         ;12/1999;704.814;584.782;21.726;89.881;76.934;-743.324;-149.675;-158.488;0;-130.126;296.524;
12;CITIBANK                                              ;C;4;         ;12/1999;707.009;370.585;102.493;45.469;1.437;-199.331;-354.579;-147.657;0;39.960;565.386;
13;HSBC                                                  ;C;4;         ;12/1999;649.628;502.681;262.099;25.400;24.276;-452.926;-201.832;-71.190;0;-47.527;690.609;
14;BBA-CREDITANSTALT                                     ;C;5;         ;12/1999;411.083;613.696;-61.324;11.165;0;-434.736;-184.610;-81.641;0;-54.379;219.254;
15;SUDAMERIS                                             ;C;4;         ;12/1999;845.586;250.416;28.326;93.996;17.148;-420.798;-233.269;-223.583;0;-109.429;248.393;
16;BILBAO VIZCAYA                                        ;C;4;         ;12/1999;288.023;518.429;24.597;11.835;3.176;-373.203;-71.759;-89.624;0;-81.158;230.316;
17;BANDEIRANTES                                          ;C;4;1;12/1999;508.450;290.173;-18.376;66.055;18.558;-351.643;-104.528;-129.206;0;-37.356;242.127;
18;MERCANTIL FINASA                                          ;C;3;         ;12/1999;524.351;158.623;-14.510;9.746;49.158;-334.749;-44.046;-216.699;0;-20.910;110.964;
19;BNB                                                   ;I;1;1;12/1999;711.096;115.197;1.009;33.703;5.162;-152.673;-414.031;0;0;-303.259;-3.796;
20;MERIDIONAL                                            ;C;4;         ;12/1999;244.296;204.208;105.697;19.136;5.087;-235.168;-93.154;-79.708;0;-198.440;-28.046;
21;BANRISUL                                              ;C;2;         ;12/1999;332.750;341.118;-6.233;48.966;34.093;-288.726;-66.250;-9.715;0;-25.637;360.366;
22;BANESTADO                                             ;C;2;1;12/1999;345.426;72.810;-9.502;18.565;22.150;-253.423;-22.571;-63.285;0;112.463;222.633;
23;LLOYDS                                                ;C;4;         ;12/1999;419.158;250.907;-46.801;12.974;0;-195.850;-27.061;-38.929;0;-120.490;253.908;
24;VOTORANTIM                                            ;C;3;         ;12/1999;110.759;519.188;-106.209;8.569;0;-414.104;-27.111;-38.009;0;-4.449;48.634;
25;BOAVISTA                                              ;C;4;         ;12/1999;283.049;199.315;28.576;23.117;683;-246.319;-52.179;-17.512;0;17.140;235.870;
26;CSFB GARANTIA;C;4;         ;12/1999;6.317;342.299;20.311;18.604;0;-243.300;-13.967;0;0;0;130.264;
27;CHASE;C;4;         ;12/1999;30.518;382.848;154.055;13.629;5.814;-209.554;-279.165;-442;0;3.270;100.973;
28;ALFA                                                  ;C;3;         ;12/1999;317.102;64.173;11.777;4.497;0;-138.151;-36.873;-130.708;0;-10.657;81.160;
29;RURAL                                                 ;C;3;         ;12/1999;258.973;64.704;7.887;19.207;851;-145.942;-9.982;-13.410;0;-1.459;180.829;
30;DEUTSCHE                                              ;C;4;         ;12/1999;157.020;15.649;5.751;39.826;0;-12.972;-161.849;0;0;1.271;44.696;
31;JP MORGAN                                             ;C;4;         ;12/1999;6.337;209.359;-14.108;6.174;16;-103.121;-4.218;0;0;0;100.439;
32;BARCLAYS GALICIA                                             ;C;5;         ;12/1999;120.786;63.985;-12.083;29.879;25.423;-55.626;-88.618;0;0;-147.422;-63.676;
33;DRESDNER                                              ;C;4;         ;12/1999;68.035;65.633;-16.317;37.278;0;-17.784;-74.112;0;0;-6.963;55.770;
34;BBM                                                   ;C;3;         ;12/1999;45.507;177.356;-34.423;2.728;0;-75.841;-16.650;-5.683;0;-2.808;90.186;
35;BASA                                                  ;I;1;         ;12/1999;30.477;95.656;477;3.057;-366;-53.782;-77.251;0;0;-8.798;-10.530;
36;BEG                                                   ;I;1;2;12/1999;49.017;125.302;1.068;700;1.003;-106.410;-465;0;0;-8.109;62.106;
37;BIC                                                   ;C;3;         ;12/1999;165.893;42.685;-7.715;6.650;0;-85.301;-34.489;-11.543;0;-13.783;62.397;
38;MERCANTIL DO BRASIL                                   ;C;3;         ;12/1999;181.628;66.660;9.805;2.263;2.533;-119.022;-9.147;-8.545;0;-24.348;101.827;
39;ING                                                   ;C;4;         ;12/1999;56.666;159.524;-38.439;13.414;0;-120.115;-15.200;0;0;712;56.562;
40;PACTUAL                                               ;C;5;         ;12/1999;29.903;237.014;-179.755;4.371;0;-113.862;-20.084;-21.389;0;93.562;29.760;
41;BANESTES                                              ;C;2;         ;12/1999;105.930;55.546;-378;1.340;-1.507;-67.925;-14.385;-2.292;0;-3.865;72.464;
42;BEAL                                                  ;I;4;2;12/1999;27.288;116.930;-39.884;30.993;0;-75.812;-34.564;0;0;1.275;26.226;
43;ABC-BRASIL                                            ;C;4;         ;12/1999;173.805;59.178;6.615;8.210;0;-72.260;-139.003;0;0;-467;36.078;
44;CREDIBANCO                                            ;C;5;         ;12/1999;54.569;64.865;4.751;9.660;9.230;-55.911;-58.145;0;0;-19.422;9.597;
45;BNL                                                   ;I;4;2;12/1999;47.971;60.097;-5.507;21.371;0;-54.010;-41.712;0;0;-8.050;20.160;
46;TOKYOMITSUBISHI                                       ;I;4;2;12/1999;32.498;51.300;-1.568;47.669;69;-20.252;-55.014;0;0;0;54.702;
47;BMC                                                   ;C;3;         ;12/1999;124.152;21.454;5.486;5.766;0;-42.079;-64.489;-12.257;0;-16.973;21.060;
48;AGF BRASEG;C;4;         ;12/1999;33.945;43.407;15.242;3.382;0;-50.001;-16.442;-6.000;0;-6.166;17.367;
49;BRB                                                   ;I;2;2;12/1999;115.091;36.590;1.040;1.449;2.442;-48.271;-5.936;-3.159;0;-866;98.380;
50;FIBRA                                                 ;C;3;         ;12/1999;193.332;91.484;-3.125;2.822;0;-50.527;-46.414;-155.694;0;17.802;49.680;
51;SANTOS                                                ;I;3;2;12/1999;135.525;95.810;-597;0;0;-141.551;-59.038;0;-2.784;-286;27.079;
52;CACIQUE                                               ;C;3;         ;12/1999;93.531;38.054;-17.401;1.770;0;-48.183;-720;0;0;-25.144;41.907;
53;RABOBANK                                              ;I;4;         ;12/1999;4.946;46.215;46.492;11.196;0;-11.164;-81.618;0;0;-2.706;13.361;
54;BESC                                                  ;I;2;2;12/1999;143.103;32.939;-570;2.020;2;-58.139;-18.699;0;0;-39.272;61.384;
55;INTER AMEX                                                  ;C;5;         ;12/1999;30.391;46.064;11.203;0;1.757;-18.400;-30.869;-6.933;-5.604;-4.382;23.227;
56;SUMITBANK                                             ;I;4;         ;12/1999;227.276;38.729;581;2.460;0;-6.629;-223.514;0;0;1.230;40.133;
57;BMG                                                   ;C;3;         ;12/1999;237.031;37.395;1.558;16.631;0;-66.372;-6.466;-171.210;0;-23.846;24.721;
58;BEC                                                   ;C;1;         ;12/1999;29.953;77.184;262;1.985;1.320;-61.706;-3.250;0;0;-6.838;38.910;
59;FININVEST                                             ;I;5;2;12/1999;129.385;9.069;-8.488;2;0;-49.366;0;0;0;-4.922;75.680;
60;SUL AMERICA                                           ;C;5;         ;12/1999;4.220;56.520;727;0;0;-54.043;-7.955;0;-2.049;-1.722;-4.302;
61;BNP                                                   ;I;4;         ;12/1999;4.305;39.911;10.351;18.472;0;-33.618;-15.374;0;0;-7.102;16.945;
62;BRASCAN                                               ;C;4;         ;12/1999;12.294;108.846;-7.447;6.501;0;-83.354;-8.456;0;0;8;28.392;
63;SS                                                    ;C;3;1;12/1999;160.048;9.679;1.259;3.240;0;-42.748;-251;-15.008;0;-20.182;96.037;
64;SOFISA                                                ;C;3;         ;12/1999;54.637;20.609;822;3.207;0;-20.899;-5.597;-14.392;0;-2.821;35.566;
65;PEBB                                                  ;C;3;         ;12/1999;0;66.788;661;0;0;-57.978;0;0;0;-295;9.176;
66;CREDITO SP                                            ;I;3;2;12/1999;53.038;35.676;-6.278;32;0;-32.116;-4.734;0;0;-7.255;38.363;
67;BEM                                                   ;I;2;2;12/1999;22.062;35.796;0;1;337;-24.610;-870;0;0;-2.192;30.524;
68;SCHAHIN                                               ;C;3;         ;12/1999;31.727;8.291;2.370;0;0;-22.372;-4.568;-392;-647;-3.077;11.332;
69;BANPARA                                               ;I;2;         ;12/1999;32.529;27.361;39;35;1.854;-28.513;-39;0;0;-4.297;28.969;
70;BEA                                                   ;I;1;         ;12/1999;18.157;16.936;0;83;5.985;-10.411;-3.099;0;0;710;28.361;
71;UBS WARBURG                                           ;C;4;         ;12/1999;200;8.840;-6.629;77;0;-2.823;-2.853;0;0;858;-2.330;
72;BANESE                                                ;I;2;         ;12/1999;28.380;12.212;24;0;-535;-13.652;-126;0;0;-3.239;23.064;
73;INVESTCRED                                            ;I;5;2;12/1999;78.376;7.334;-822;0;0;-22.715;0;0;0;-27.534;34.639;
74;PROSPER                                               ;C;3;         ;12/1999;8.757;22.370;-8.285;390;12;-16.652;-3.603;0;0;-1.011;1.978;
75;PINE                                                  ;C;3;         ;12/1999;33.547;5.645;11.525;0;0;-7.045;-8.250;0;-849;-1.324;33.249;
76;MODAL                                                 ;I;3;2;12/1999;1.624;32.316;-1.559;0;0;-22.757;-130;0;0;0;9.494;
77;SOCIETE GENERALE                                      ;C;4;         ;12/1999;35.844;21.730;7.353;4.010;0;-18.997;-21.364;-11.402;0;-1.454;15.720;
78;INDUSTRIAL DO BRASIL                                  ;C;3;         ;12/1999;20.671;14.112;-2.685;538;0;-13.995;-6.052;-2.109;0;-2.835;7.645;
79;BVA                                                   ;I;3;         ;12/1999;27.130;9.479;543;0;0;-7.552;-16.479;0;0;-6.352;6.769;
80;BANCOOB                                               ;I;3;         ;12/1999;3.239;17.744;5.056;0;0;-17.378;-280;0;0;0;8.381;
81;TRIANGULO                                             ;I;3;         ;12/1999;23.823;8.362;1.682;0;4;-19.145;0;0;0;-428;14.298;
82;LA PROVINCIA                                          ;I;4;         ;12/1999;4.477;6.036;-2.665;20.288;0;-424;-22.046;0;0;-6.846;-1.180;
83;DAYCOVAL                                              ;I;3;2;12/1999;22.554;4.738;-11.563;1.970;1;-7.120;-829;0;0;-499;9.252;
84;FATOR                                                 ;C;3;         ;12/1999;0;15.140;4.437;0;0;-12.367;0;0;0;0;7.210;
85;CRUZEIRO                                              ;I;3;2;12/1999;20.042;7.471;109;0;332;-13.546;-3.281;0;0;-49;11.078;
86;AGROINVEST                                            ;I;4;2;12/1999;12.719;4.304;-63;0;0;-2.394;-8.390;0;0;-1.932;4.244;
87;CLASSICO                                              ;I;3;         ;12/1999;0;18.255;0;0;0;0;0;0;0;0;18.255;
88;PARAIBAN                                              ;I;2;         ;12/1999;6.578;6.447;0;0;-13;-1.830;-48;0;0;-313;10.821;
89;GUANABARA                                             ;I;3;         ;12/1999;31.258;6.518;-8.394;0;0;-10.723;-7.576;-10.265;0;-3.545;-2.727;
90;BANSICREDI                                            ;I;3;         ;12/1999;3.994;27.794;-773;0;0;-26.615;-339;0;-45;-463;3.553;
91;BCOMURUGUAI                                           ;I;4;         ;12/1999;15.838;2.064;-240;1.240;0;-4.550;-5.083;-1.249;0;-692;7.328;
92;WACHOVIA                                              ;I;4;         ;12/1999;11.406;4.873;16;4.325;0;-1.719;-33.029;0;0;103;-14.025;
93;INTERCAP                                              ;C;3;         ;12/1999;24.047;6.350;-1.694;0;812;-9.148;0;-9.196;0;-281;10.890;
94;BEPI                                                  ;I;2;         ;12/1999;8.146;1.061;0;0;562;-1.662;-1.300;0;0;-2.919;3.888;
95;FICSA                                                 ;I;3;2;12/1999;35.065;2.773;2;0;0;-6.350;0;0;0;-6.991;24.499;
96;VR                                                    ;C;3;         ;12/1999;12.922;2.573;149;1.210;0;-5.541;-263;0;0;-539;10.511;
97;INTERIOR                                              ;I;3;         ;12/1999;14.775;1.251;5;0;0;-5.003;-557;0;0;-1.987;8.484;
98;PECUNIA                                               ;I;3;2;12/1999;23.619;1.489;41;0;158;-5.177;0;0;0;-6.533;13.597;
99;MORADA                                                ;I;3;2;12/1999;14.910;741;43;0;369;-3.131;-3.083;0;0;-651;9.198;
100;ARAUCARIA                                             ;I;3;2;12/1999;9.168;1.911;70;3.909;0;-5.207;-214;0;0;589;10.226;
101;CREDIBEL                                              ;I;3;2;12/1999;7.666;3.879;254;35;0;-5.044;-106;0;0;-2.071;4.613;
102;RENNER                                                ;I;3;         ;12/1999;12.588;2.560;0;0;0;-4.351;0;0;0;-680;10.117;
103;SANTOS NEVES                                          ;I;3;2;12/1999;7.678;821;11;0;7;-2.578;-1.754;0;-2;103;4.286;
104;LAVRA                                                 ;C;3;         ;12/1999;3.722;592;13;208;0;-1.932;-3.284;0;0;-2.010;-2.691;
105;BGN                                                   ;I;3;2;12/1999;3.442;5.180;793;0;0;-5.888;-1.227;0;0;-78;2.222;
106;PARANA                                                ;I;3;2;12/1999;14.091;1.339;0;0;0;-5.273;0;0;0;-1.418;8.739;
107;PRIMUS;C;4;         ;12/1999;35;5.375;-68;550;0;-1.400;-1.906;0;0;0;2.586;
108;LUSO BRASILEIRO                                       ;I;3;         ;12/1999;8.317;1.125;149;0;0;-3.528;-300;0;0;-849;4.914;
109;ARGENTARIA                                            ;I;4;         ;12/1999;1.026;3.737;0;31;0;-153;-565;0;0;-31;4.045;
110;RIBEIRAO PRETO                                        ;I;3;         ;12/1999;5.987;638;256;0;0;-1.353;-1.428;0;0;-413;3.687;
111;BONSUCESSO                                            ;C;3;         ;12/1999;7.964;906;-68;0;0;-2.548;-124;-1.889;0;69;4.310;
112;OPPORTUNITY                                           ;I;3;2;12/1999;0;18.158;0;0;0;-15.483;0;0;0;0;2.675;
113;BANCNACION                                            ;I;4;         ;12/1999;538;726;0;1.108;0;-243;-612;0;0;-325;1.192;
114;PORTO REAL                                            ;I;3;         ;12/1999;6.833;377;-500;0;50;-2.986;-151;0;0;-940;2.683;
115;GE CAPITAL                                            ;I;4;         ;12/1999;4.292;881;21;0;0;-1.575;-87;-371;0;-5.412;-2.251;
116;GERDAU                                                ;I;3;2;12/1999;6.526;435;19;0;0;-3.241;0;0;0;125;3.864;
117;THECA                                                 ;C;3;         ;12/1999;0;1.365;1.821;0;0;-523;0;0;0;1;2.664;
118;UNION                                                 ;I;4;         ;12/1999;2.718;1.092;102;265;0;-1.043;-1.061;0;0;-1.137;936;
119;CEDULA                                                ;I;3;         ;12/1999;4.220;2.616;0;0;0;-2.935;0;0;0;135;4.036;
120;FRANCES INTER                                         ;I;4;         ;12/1999;427;4.312;0;338;0;-38;-519;0;0;-199;4.321;
121;MATONE                                                ;I;3;2;12/1999;9.486;1.352;-24;0;0;-2.972;0;0;0;-2.356;5.486;
122;LA REPUBLICA                                          ;I;4;         ;12/1999;835;730;0;888;0;-1;-25;0;0;-5.640;-3.213;
123;BANCAP                                                ;I;3;2;12/1999;567;957;0;0;0;-1;0;0;0;207;1.730;
124;HISPANO                                               ;I;4;         ;12/1999;0;376;0;0;0;0;0;0;0;0;376;
Total 50 Maiores Bancos (Consolidado Bancario I)            ;;;;;;34.250.567;22.351.930;-117.377;3.600.932;1.498.040;-22.635.306;-12.097.790;-3.970.631;0;-4.885.556;17.994.809;
% de Participacao 50 maiores Bancos (Consolidado Bancario I);;;;;;79,0%;86,0%;81,0%;95,0%;93,0%;89,0%;72,0%;68,0%;0,0%;91,0%;84,0%;
Total demais Bancos (Consolidado Bancario I)                ;;;;;;2.066.225;1.189.334;24.006;109.015;13.014;-1.222.479;-633.441;-244.416;-11.980;-254.177;1.035.101;
Total Consolidado Bancario I ( 124  Instituicoes )          ;;;;;;36.316.792;23.541.264;-93.371;3.709.947;1.511.054;-23.857.785;-12.731.231;-4.215.047;-11.980;-5.139.733;19.029.910;
% de Participacao Consolidado Bancario I                    ;;;;;;83,0%;91,0%;65,0%;98,0%;94,0%;94,0%;76,0%;72,0%;92,0%;95,0%;89,0%;
1;BNDES                                                 ;I;1;         ;12/1999;3.158.213;845.261;-24.137;8.871;0;-325;-3.029.608;0;0;-42.186;916.089;
2;FIAT;C;4;         ;12/1999;628.672;36.165;-2.311;0;11.659;-192.082;-14.909;-386.721;0;9.987;90.460;
3;CCF BRASIL                                            ;C;4;         ;12/1999;101.485;213.166;39.976;11.692;0;-212.297;-37.889;-33.741;0;-4.627;77.765;
4;FORD                                                  ;C;4;         ;12/1999;395.332;2.468;-3.901;0;0;-102.762;-48.534;-196.566;0;-25.526;20.511;
5;GM                                                    ;C;4;         ;12/1999;437.549;15.141;-11.971;1;522;-133.263;-50.969;-254.925;0;40.427;42.512;
6;VOLKSWAGEN                                            ;C;4;         ;12/1999;416.161;2.698;0;0;0;-125.106;-6.224;-219.712;0;-22.175;45.642;
7;BRDE                                                  ;I;2;         ;12/1999;134.071;55.110;179;0;0;0;-103.898;-9;0;-41.666;43.787;
8;BANCOCIDADE                                           ;C;3;         ;12/1999;107.320;80.464;6.832;10.712;3.654;-67.977;-24.669;-22.736;0;-14.748;78.852;
9;REPUBLIC NATION                                       ;C;4;         ;12/1999;3.021;74.183;592;0;22.175;-4.361;-68.443;0;-179;0;26.988;
10;LIBERAL;C;4;         ;12/1999;249;118.904;24.637;13.700;0;-35.986;-90.917;0;0;50;30.637;
11;MULTI                                                 ;I;4;         ;12/1999;88.293;56.811;16.619;0;14;-20.084;-84.596;0;-783;550;56.824;
12;DAIMLERCHRYSLER                                       ;C;4;         ;12/1999;241.412;3.601;-3.945;0;0;-14.800;-41.722;-147.058;0;-6.451;31.037;
13;DESENBANCO                                            ;I;2;         ;12/1999;43.215;28.331;0;0;0;-5;-35.064;0;0;-9.589;26.888;
14;ICATU                                                 ;C;3;         ;12/1999;1.954;191.047;23.688;3.207;0;-131.124;-15.452;0;0;0;73.320;
15;BDMG                                                  ;I;2;1;12/1999;54.846;-8.023;0;0;0;-38;-45.319;-1;0;-4.092;-2.627;
16;STOCK;C;3;         ;12/1999;297;16.700;-171;0;0;-13.382;0;0;0;-1.002;2.442;
17;MATRIX                                                ;C;3;         ;12/1999;16.153;31.493;-34.530;2.488;0;-12.427;-13.524;0;0;-3.068;-13.415;
18;REDE                                                  ;I;3;         ;12/1999;674;3.361;-330;0;0;-982;-213;0;0;-500;2.010;
19;INDUSVAL                                              ;C;3;         ;12/1999;13.997;12.036;-4.546;2.261;6;-13.158;-916;0;0;-3.056;6.624;
20;BRJ                                                   ;I;3;         ;12/1999;26.051;49;0;4;7.963;-26;-24.906;0;0;-57;9.078;
21;EUROINVEST                                            ;I;5;2;12/1999;564;11.501;0;0;0;-14.586;-3.489;0;0;-1;-6.011;
22;RENDIMENTO                                            ;I;3;         ;12/1999;2.959;3.049;-5.077;29.611;0;-2.504;-7.475;0;0;-1.068;19.495;
23;VOLVO                                                 ;I;4;2;12/1999;9.730;3.059;0;0;0;-857;-6.390;0;0;3.925;9.467;
24;MERRILL LYNCH                                         ;C;4;         ;12/1999;0;5.270;3.087;0;0;-2.055;0;0;0;0;6.302;
25;TENDENCIA                                             ;C;3;         ;12/1999;0;-742;-1.457;725;0;-79;-10;0;0;0;-1.563;
26;NEW HOLLAND                                           ;I;4;         ;12/1999;4.543;1.690;0;0;0;-1;-2.751;0;0;-3.196;285;
27;PORTO SEGURO                                          ;I;3;3;07/1997;4;1.873;0;0;0;-2.117;0;0;0;0;-240;
28;SOCOPA                                                ;C;3;         ;12/1999;5.641;6.781;-83;1.018;0;-5.708;-1.860;0;0;56;5.845;
29;PRIME                                                 ;C;3;         ;12/1999;14;2.274;1;0;0;-1.315;0;0;0;3;977;
30;GRAPHUS                                               ;C;4;         ;12/1999;105;14.314;84;593;0;-11.603;-251;0;0;0;3.242;
31;INTERPART                                             ;I;3;3;06/1999;11.596;-47;95;0;0;-1.342;-8.288;0;0;-1.554;460;
32;BANCO AXIAL                                           ;I;3;2;12/1999;425;5.289;2.300;0;0;-2.349;0;0;0;0;5.665;
33;FONTE CINDAM                                          ;I;3;         ;12/1999;56;-29;-352;6;0;-334;-7;0;0;18;-642;
34;INDUSCRED                                             ;I;3;         ;12/1999;1.152;3.400;99;0;0;-2.847;0;0;0;-673;1.131;
35;MARKA                                                 ;I;3;3;02/1999;57;25.961;-34.550;779;0;-2.213;0;0;0;807;-9.159;
36;TRICURY                                               ;I;3;         ;12/1999;5.570;2.263;-13;0;0;-3.356;0;0;0;1.181;5.645;
37;OURINVEST                                             ;C;3;         ;12/1999;7.392;1.550;-3.351;285;0;-716;-764;0;0;1.605;6.001;
38;TOYOTA                                                ;C;4;         ;12/1999;434;1.759;0;0;0;-38;0;-90;0;0;2.065;
39;ARBI                                                  ;C;3;         ;12/1999;826;8.526;-836;0;0;-7.641;-433;0;-13;24;453;
40;EQUATORIAL                                            ;I;3;2;12/1999;1.379;3.219;33;0;0;-966;0;0;0;24;3.689;
41;BOREAL                                                ;I;3;2;12/1999;18;3.921;-543;13;0;-1.056;-3;0;0;6.132;8.482;
42;PATRIMONIO                                            ;I;3;         ;12/1999;0;5.143;2.174;0;0;-308;-80;0;0;0;6.929;
43;ROYAL INVEST                                          ;I;3;2;12/1999;670;44;0;0;0;-116;0;0;0;0;598;
44;MALCON                                                ;I;3;2;12/1999;3.138;934;0;0;0;-640;0;0;0;-154;3.278;
45;FICRISA AXELRUD                                       ;I;3;         ;12/1999;5.372;245;0;0;0;-1.148;0;0;0;91;4.560;
46;EMBLEMA                                               ;I;3;2;12/1999;615;1.981;168;0;0;-899;-28;0;0;-28;1.809;
47;POTTENCIAL                                            ;I;3;         ;12/1999;1.903;140;22;0;0;-239;-686;0;0;-412;728;
48;KEB                                                   ;I;4;         ;12/1999;0;1.858;0;431;0;-26;0;0;0;0;2.263;
49;MAXINVEST                                             ;I;3;         ;12/1999;2.128;636;0;0;2;-1.175;0;0;0;-27;1.564;
50;FINANSINOS                                            ;I;3;2;12/1999;2.514;188;0;0;0;-505;0;0;0;-330;1.867;
51;HEXABANCO                                             ;I;3;         ;12/1999;1.702;-5.090;-27;0;0;-1.874;0;0;0;1.938;-3.351;
52;NACOES                                                ;I;3;         ;12/1999;3.594;548;97;0;0;-1.270;-159;0;0;-555;2.255;
53;MISASI                                                ;C;3;         ;12/1999;750;453;299;0;0;-484;0;0;0;-514;504;
54;OK                                                    ;I;3;         ;12/1999;1.508;262;0;0;0;0;0;0;0;-317;1.453;
55;MINAS                                                 ;I;3;         ;12/1999;818;742;183;0;0;-861;0;0;0;-403;479;
56;PERFORMANCE                                           ;I;3;         ;12/1999;114;-193;0;0;0;-25;0;0;0;0;-104;
57;INVESTOR                                              ;C;3;         ;12/1999;0;0;0;0;0;0;0;0;0;0;0;
58;STERLING                                              ;I;5;         ;12/1999;127;5;0;0;0;-544;0;0;0;-259;-671;
Total 5 Maiores Bancos (Consolidado Bancario II)            ;;;;;;4.721.251;1.112.201;-2.344;20.564;12.181;-640.729;-3.181.909;-871.953;0;-21.925;1.147.337;
% de Participacao 5 maiores Bancos (Consolidado Bancario II);;;;;;11,0%;4,0%;2,0%;1,0%;1,0%;3,0%;19,0%;15,0%;0,0%;0,0%;5,0%;
Total demais Bancos (Consolidado Bancario II)               ;;;;;;1.225.132;779.542;-8.622;65.833;33.814;-513.253;-588.537;-389.606;-975;-99.491;503.837;
Total Consolidado Bancario II ( 58  Instituicoes )          ;;;;;;5.946.383;1.891.743;-10.966;86.397;45.995;-1.153.982;-3.770.446;-1.261.559;-975;-121.416;1.651.174;
% de Participacao Consolidado Bancario II                   ;;;;;;14,0%;7,0%;8,0%;2,0%;3,0%;5,0%;23,0%;22,0%;8,0%;2,0%;8,0%;
Total Consolidado Bancario III ( 1208  Instituicoes )       ;;;;;;391.627;100.921;233;0;445;-145.046;-47.335;0;0;-37.375;263.470;
% de Participacao Consolidado Bancario III                  ;;;;;;1,0%;0,0%;0,0%;0,0%;0,0%;1,0%;0,0%;0,0%;0,0%;1,0%;1,0%;
Total Consolidado Nao Bancario ( 358  Instituicoes )        ;;;;;;860.736;468.260;-40.274;5.590;53.097;-334.234;-171.545;-380.752;-1;-98.040;362.837;
% de Participacao Consolidado Nao Bancario                  ;;;;;;2,0%;2,0%;28,0%;0,0%;3,0%;1,0%;1,0%;7,0%;0,0%;2,0%;2,0%;
Total do Sistema Financeiro Nacional                        ;;;;;;43.515.538;26.002.188;-144.378;3.801.934;1.610.591;-25.491.047;-16.720.557;-5.857.358;-12.956;-5.396.564;21.307.391;
Fonte: Sisbacen
TD (Tipo de Documento): C - Conglomerado, I - Instituição Independente
TC (Tipo de Controle): 1 - Público Federal, 2 - Público Estadual, 3 - Privado Nacional, 4 - Privado Controle Estrangeiro, 5 - Privado Participação Estrangeira
Obs.: 1 - Excepcionalidades ao cumprimento de limites - Vide Relatório
      2 - Instituições líderes do conglomerado bancário não optante pela consolidação mensal de balancetes.
